-355.40844  -586.12261
-761.61023  174.93544
259.45369  598.02102
-816.89681  -506.34461
345.12773  -328.15082
819.28354  -443.49070
-719.08251  -376.18841
736.70981  261.31709
469.55386  377.49380
327.08010  -470.17013
328.77669  778.28547
-110.57884  749.58284
680.37328  478.77796
111.19639  -727.09519
162.39692  -98.52255
-213.54522  -800.96538
-96.01233  -222.06537
311.27731  583.17501
851.25118  -375.74240
-518.80799  -694.24115
-739.44973  448.13334
153.04430  -309.12511
440.08194  -720.08833
345.79596  708.02633
-597.06026  -472.33744
865.97460  469.30970
-578.58220  609.98866
-233.88956  -167.41948
489.97044  633.36204
764.78818  -19.77135
-340.12712  497.12149
514.60088  87.42642
-15.79966  -874.80749
-530.31097  -540.04700
414.61357  658.18086
625.49921  258.81042
-91.25880  877.59364
620.40241  401.88858
-498.50352  678.91868
-760.79207  324.72027
596.99800  -76.06434
-707.52384  -357.88720
-251.99092  391.30129
713.92594  338.76772
109.41023  517.45598
89.00929  -523.05627
-793.17519  50.94814
135.12190  642.37000
-63.77373  -812.69033
35.55716  43.07237
-354.31431  -311.87309
514.61443  -500.00222
-787.90588  -215.09276
383.16087  -525.88988
-181.19898  -342.36438
-517.49379  12.41030
-454.08882  625.89175
-624.05408  -475.49544
191.21622  -77.88463
-424.48921  515.01676
-16.47583  -93.83977
90.39396  -254.73770
-73.89130  -555.53926
669.72026  -569.00389
169.50357  -768.71427
-368.32158  -107.23826
812.32211  403.02606
344.95649  317.12657
-632.05167  558.65371
545.18945  364.25665
739.22248  268.50834
-748.24230  150.03364
203.67003  -818.29424
789.73392  420.12435
-319.10293  461.04718
97.73752  292.40428
233.97796  -823.94001
-793.98633  33.04865
49.45804  -233.33988
139.56027  -256.72583
-331.21799  674.86408
-27.11315  -592.17387
-339.82088  556.79671
-31.48394  -885.63445
235.03953  -518.48692
-78.01249  565.57525
-591.66356  -91.99512
-134.67918  186.72531
-449.83988  -153.26984
522.11785  29.12467
331.05240  94.72156
380.27421  -77.14659
469.99751  -41.88185
-238.90098  -414.21221
-620.42756  -15.03218
837.56453  -53.11318
498.43976  259.60690
-157.87457  83.32659
341.35270  700.87257
489.68637  -59.76981
196.61305  -609.57114
-99.98838  27.60954
-118.44540  858.28847
305.55100  385.82745
-348.79063  -365.42808
-318.22930  239.81525
542.54875  211.41228
-785.47453  -462.88537
563.43877  80.01321
-703.45983  -504.66550
-679.33859  -173.94934
57.28452  -319.35841
-451.57707  725.21491
229.57517  311.31953
129.35922  -845.95150
-789.34576  8.10476
300.17944  163.72486
-695.28506  431.34383
-362.22595  -688.88460
231.26427  -93.64969
-772.13842  -403.49786
-637.09830  -487.38333
448.33102  -521.59915
-253.60349  -633.89022
510.59711  -340.48606
338.93495  -658.77943
532.84241  -601.74640
715.27947  -441.28642
646.94075  -246.15503
358.15488  -253.07334
97.56511  518.39614
-413.83563  -222.57728
32.89897  -456.54257
180.87797  820.97766
-311.15395  -725.08220
720.80516  259.10077
-98.08547  19.35831
-43.64076  -241.53462
-357.32523  -669.68730
-433.00285  -208.70524
-31.34133  -201.55161
-423.24090  -715.93849
-498.51008  -451.10382
-419.12207  -388.57818
-602.91037  156.25133
798.70154  -331.76027
-526.64374  -185.41456
179.01633  -18.57925
289.93815  83.29412
-663.56969  -608.14507
407.91341  -506.10683
759.41687  -131.48608
110.61960  -929.12320
-855.13938  -151.23790
241.06696  541.48699
819.47850  -239.80314
730.44925  -563.21358
104.22360  909.60880
167.63366  -218.32358
256.30629  -559.00763
-37.82660  699.40351
231.40273  300.74294
-216.74468  -398.05935
-28.85351  236.47774
-685.41635  -425.40391
-511.41347  -89.43268
185.01035  563.04375
-475.28687  335.10468
-52.96280  427.84596
481.70921  277.95911
-534.91243  -424.20703
-530.92078  656.65210
156.24766  414.68562
-506.59097  -538.65211
-256.13667  717.15979
-542.52397  627.67915
159.91079  486.47852
282.13224  -250.32831
-523.80465  -427.10142
158.41400  904.04425
-290.01245  474.29671
375.00840  -229.53091
728.22763  125.05177
505.23443  -308.75363
259.54003  -624.04377
592.28186  -490.23894
141.35166  751.21454
-197.46496  546.16206
-70.20471  784.50185
167.95685  524.94075
167.98932  -845.67257
-639.77791  -558.68773
228.84305  712.20572
44.38412  -23.66274
-850.68163  -119.45600
-431.73250  298.28144
693.71733  -404.74019
-469.24230  474.56520
11.96428  539.67951
-303.37950  -5.73390
807.68698  23.94018
10.25684  -51.70414
472.27209  -132.70941
-26.40516  573.90157
434.42551  -183.25414
-854.05070  147.46353
-100.74837  -941.48272
211.96381  -877.02860
-125.10726  528.95744
560.87141  95.36530
88.11197  -770.17221
-703.01864  17.02281
450.12298  -399.79673
200.01444  654.57026
-412.88239  170.83536
-75.86656  785.96382
-860.11953  -218.67699
200.82119  799.45647
215.03297  276.46272
-281.49586  293.27581
594.47895  609.53049
309.41702  765.60124
-111.16085  -355.10944
87.42548  -397.38139
-844.89678  -208.44388
472.78586  -583.71925
620.62812  548.16881
200.41430  -858.41987
-94.69449  262.13526
-418.60677  555.45414
333.39000  590.71083
45.46945  -488.29792
-247.31098  -138.17316
701.35367  -143.61166
-347.88380  -724.43992
-95.31443  -650.74669
387.36137  -44.49673
-557.36132  -412.23116
-85.59912  236.54381
-394.19139  353.36442
-312.93169  802.97921
-690.23780  -550.57074
16.70773  -109.18348
86.84562  345.02493
51.73890  110.86929
-130.58558  -475.85187
174.75998  489.99418
-11.82398  367.58252
66.23749  299.17828
-617.48955  -125.71796
-71.10685  807.48043
-125.58417  847.51794
537.38091  197.96365
-246.42358  126.03472
-308.99949  -383.03229
-395.50972  -87.89117
682.17518  299.59541
-399.00698  -325.60369
117.23203  124.15720
-655.54746  368.62097
170.81090  -609.99460
-28.06816  656.87743
9.93441  610.83992
-50.36113  -799.47338
-292.99526  101.89714
94.10951  726.14728
562.46606  353.69379
-54.05488  -602.78379
705.32144  -476.90531
-164.29724  62.24772
777.83151  -253.34708
374.39819  50.81741
-114.51922  -592.45478
642.61075  100.75750
313.44055  445.40134
191.46942  417.23009
262.73699  323.48594
-175.92716  340.20480
-289.35324  -798.71184
-378.11278  -438.39803
34.64544  232.98743
65.63660  -296.56044
436.23381  -331.54212
432.07665  360.68435
-767.64961  409.68069
266.10364  -345.19234
-84.89657  -795.51525
-703.38068  279.14507
-84.88821  -933.80863
664.40158  538.50482
223.73632  242.11300
-280.80938  -410.98176
95.58312  -650.69906
-64.57925  952.01840
135.23541  565.43648
-465.35131  581.94989
228.96444  -803.40593
-849.24711  3.54078
307.11086  -279.12803
-830.08989  -498.17389
-360.07370  217.47952
705.86324  225.18771
453.23533  -662.32069
440.10317  -193.18849
495.99419  -671.67925
-670.11455  516.76473
686.28529  -459.17187
-809.98760  -79.00085
510.07785  -480.64332
445.58733  672.37890
-529.33968  104.54065
-681.10950  261.07336
-731.47018  -414.75790
276.15564  -138.12992
-104.67050  -625.36390
-271.10967  -676.28194
397.79885  54.78400
668.04132  240.79343
-83.32484  478.98706
272.42389  765.19443
-735.49695  439.15284
-68.77033  320.62606
-68.86728  -389.95752
225.24442  -554.53944
685.70019  -155.54024
208.88997  698.09080
-493.41218  355.13475
833.55711  81.52777
250.39218  -405.79404
-653.17578  369.68146
-408.88934  -558.99944
137.81297  513.77667
633.05616  357.59584
-236.49197  670.67848
-285.26842  788.91275
475.03820  621.35467
-130.42897  -182.52288
-648.20770  78.20603
-68.48204  856.94450
164.24524  388.48208
-486.16063  78.51172
338.46377  120.31612
250.44040  -649.54855
205.34483  -727.30779
864.58675  428.31711
699.11901  430.19602
-785.77326  -417.12288
260.35487  -779.84520
401.22957  206.72421
-567.02206  -471.21655
197.42098  -879.47399
208.18070  -98.16442
-15.13296  958.95456
15.91696  230.32346
-817.72901  293.71979
-210.37092  -170.65186
-177.36296  -536.43750
-771.60093  -514.89574
-708.73575  -56.23369
-449.78905  -523.82243
615.69400  -456.00809
-487.49858  -554.04457
-195.26295  -430.57782
-709.52167  -297.21307
384.04973  -368.24096
-716.60322  -94.37084
508.12701  22.58787
764.90204  -282.74638
511.23841  381.57808
407.60860  535.79441
-179.87154  -888.20678
232.27720  461.90083
841.02421  160.72057
128.43617  90.71949
-293.89424  82.22699
92.44937  515.44231
16.15739  327.71029
49.68154  423.69299
-493.26123  -662.55128
-85.84888  -884.96567
-294.49167  -405.16951
124.98157  -119.88690
244.64210  381.45997
-585.21987  -524.36959
-79.60187  475.85809
-837.12029  335.93941
234.20106  662.12881
804.73425  -65.53731
-272.72044  -594.47797
672.11918  48.99105
-189.57171  791.49908
5.73686  980.99657
-139.56079  364.67167
-720.09579  207.02863
349.34902  -249.96669
197.52486  -633.91145
465.47093  699.77401
292.70090  -497.95074
-538.27778  -440.53104
13.69035  29.33208
249.72219  -589.87193
-120.69508  -808.27788
-197.99214  108.81463
432.87661  460.01813
-105.21789  254.23509
-807.80550  -139.14292
502.59859  115.80857
-630.81025  -221.48999
88.94683  -481.03604
-185.27462  418.64622
-630.31613  446.15545
211.04497  -156.03173
-140.26600  654.07832
116.30582  929.90613
-68.51661  422.66043
-136.03010  913.77108
359.96509  121.06138
69.80216  -607.59570
-230.52193  -314.69278
231.65275  334.14514
-484.01697  641.80914
-493.66119  681.67018
99.21573  -345.11494
-339.54355  501.99461
165.94036  -864.45985
559.41018  647.46921
605.49690  115.11556
73.34580  -854.92847
-170.98963  504.95479
-784.17464  467.37592
626.84896  590.99526
-294.18092  -139.89907
-551.20003  -244.52258
-243.63154  -660.50353
-184.11459  -625.54455
-389.67370  545.08344
-267.56539  -0.58592
-699.57546  63.25407
732.33657  -539.64592
31.12508  -643.20536
-321.55718  88.23581
-319.02350  -338.35507
-372.11600  -403.16306
-780.09429  115.77039
-165.16760  630.90303
-279.38553  326.08450
708.75809  -79.56637
684.86236  446.26610
253.45445  -224.00189
445.53842  -51.03649
433.23095  -164.27268
-630.59813  134.30128
-3.09021  765.54234
-356.91559  449.64844
213.56335  -193.13213
-145.62296  -66.20026
-593.19553  -444.68696
591.54584  576.77719
-622.36139  414.33961
-782.28956  307.47130
-679.12601  239.38879
-34.01242  559.08103
-319.22281  599.28253
-761.37171  208.52009
656.64277  229.71161
329.69157  252.45392
420.11951  -695.16223
-860.91647  3.77373
-496.06737  -404.94633
-308.00107  3.61577
67.19826  495.45210
-67.59027  -342.19268
658.67389  429.55311
351.51546  784.61213
-320.95169  -399.20718
-85.25066  -717.69764
-764.65697  54.45499
-269.63637  -112.30355
-598.08739  -282.27736
-414.10838  -39.30073
-223.19722  -370.88363
3.70248  -898.47146
-573.25782  477.96278
644.68136  615.92812
299.59971  -644.34822
-430.42010  -248.41567
-625.73074  -116.09695
231.91891  -539.85396
393.83647  -350.21988
-712.82754  -558.65686
784.63097  417.19110
-410.82724  510.66721
-552.68242  38.28414
-253.32929  -558.97810
-686.31685  495.24668
-656.67226  310.88742
-782.84697  -249.02361
120.20093  -27.83071
-780.70535  207.65468
478.34705  -263.52607
386.79682  -224.42257
153.84369  494.00604
-167.63131  -876.26321
403.42417  636.40179
-759.76857  -402.55516
264.70824  245.95589
457.52393  -685.00068
-317.33399  -443.41798
-7.97525  -272.63516
54.77816  -269.62595
2.99676  79.31245
82.50704  242.56307
-471.51284  -419.91161
-250.00005  -775.25533
66.06050  -684.20383
730.70242  513.96401
-115.32830  -685.47674
635.56569  585.36423
707.74994  -463.50542
-601.86901  -282.80867
562.46535  634.19261
760.88186  119.39576
577.79988  62.21327
-743.33939  -115.40824
-83.64224  742.51638
136.78250  -343.75282
-418.22605  -391.55054
-836.85122  351.50779
-139.73392  785.54450
-126.20149  -852.96034
-423.76383  -23.99011
-160.00627  -472.21628
-392.75708  -223.28992
-538.12351  230.21877
-167.15000  -211.53505
-850.78208  -227.60099
-259.00384  -846.46314
-855.86013  -4.58995
-235.72348  617.04480
-816.84247  -93.19302
-319.58355  -291.39284
807.73531  7.98641
789.21875  -93.35020
133.05424  -511.27234
310.32247  -270.03593
175.25948  -662.90608
-68.91776  -521.64589
-737.49436  -420.93382
519.97965  444.93554
-163.11674  242.73406
-55.15743  20.84836
-168.35584  -574.84742
-222.82465  522.64982
419.20464  -121.52888
-276.65150  -378.73793
854.88703  236.66667
16.87653  611.46942
-234.28902  -336.26843
220.01771  -495.45716
595.04000  -421.70285
261.88622  329.31935
426.48101  -694.08372
-246.28366  -67.51114
-155.80757  555.83411
406.62609  716.54173
-21.45283  59.40945
-180.10800  695.97167
-602.33605  532.54770
-341.12870  -677.67497
-57.64497  459.19375
-771.80988  361.62666
399.01798  -622.35195
-141.97504  757.19813
-514.16867  -55.73976
-729.51849  313.43943
825.70582  303.68530
-412.29401  -102.27164
-395.06489  437.98123
702.57755  494.70888
-637.46714  -624.95324
543.89619  -213.23644
-736.66959  467.92824
-370.36556  553.14814
-478.89349  -143.48120
-818.29089  -341.28779
122.74920  105.17273
46.60711  21.02583
-691.27861  297.75082
644.74799  -258.74956
347.90176  -510.03276
-772.00680  489.79761
542.27904  -453.05341
-149.98356  117.78186
225.46240  297.60766
-357.92661  -753.50173
-744.97476  -499.57146
-32.20050  -313.18562
-177.52657  853.34606
-332.79353  767.52761
-795.60417  -96.72492
-124.89865  326.14692
307.47251  -574.55180
168.21098  773.58901
362.26200  773.59545
744.03353  287.44424
343.29476  254.18670
-308.60854  -279.67314
331.29916  473.77369
544.41211  445.38128
-291.66711  188.17852
-218.97426  -505.38409
-30.55942  182.89692
-208.24114  255.75551
-20.08706  -966.96840
210.97047  -219.09297
570.43685  388.25610
833.98031  -363.33629
256.47465  -289.65779
-458.74486  -383.24151
-3.60307  -838.13292
-25.25543  804.60719
33.90987  -199.09916
404.42214  138.07739
-54.08756  296.99818
519.77833  -249.35196
-652.02481  -243.14576
-839.72139  342.81154
-811.90770  -348.63032
370.69838  -779.96898
832.83963  -463.00692
203.90186  -315.26119
-366.69609  -182.75511
655.40916  -131.71049
18.30326  -175.96632
-235.98722  432.62048
776.77227  127.16575
228.62344  -292.58978
827.14030  475.82827
-76.06514  -30.31937
-269.87867  -242.85228
-46.89224  -914.31418
695.03395  293.40824
527.40275  -517.96813
560.90663  404.11651
447.08232  299.53991
-43.88034  -721.01427
-264.19113  -273.72954
96.05814  74.61883
250.31127  112.41860
-519.78205  -408.33817
-59.22441  -212.95086
-299.68428  -20.52052
285.37692  247.64549
-387.37926  79.31962
89.93675  79.28403
617.42398  543.40204
789.86054  -296.47896
190.82602  73.51981
290.61907  443.97830
-646.88471  -460.96038
-215.20546  -200.89567
-598.84214  234.81065
-36.13965  -518.64196
475.89391  5.83633
389.17309  -456.28797
71.00731  -40.82449
-178.50576  279.81885
-355.45881  625.66418
-639.87563  -532.35035
233.18152  783.51323
470.71253  726.52744
-50.01745  -453.14728
530.72335  333.59510
-556.87144  -81.44984
-497.96218  -334.04649
581.16045  -552.55265
-112.11231  494.22889
-12.31492  125.44847
-345.67637  -347.79385
85.85439  -833.15261
-510.53848  143.77193
558.04027  89.62899
271.03801  -137.11530
-631.16344  -52.06282
219.63092  -286.61967
89.71534  173.89743
-91.69657  844.62963
481.45089  42.43116
-119.42806  384.98176
-701.16721  38.99478
-275.26537  758.67001
94.93101  -553.08748
-457.69873  654.81767
576.10726  -375.04093
-588.54519  450.17561
776.78284  302.21023
-535.67249  -115.82050
341.56849  215.23002
-637.36541  -588.04856
-241.09721  340.83954
37.76231  501.16924
61.42512  23.58072
148.28537  628.80586
151.68107  -657.80193
31.89603  -265.37059
-824.32901  -89.21287
457.71011  -331.34390
-437.40641  266.90914
-309.59154  -812.58930
188.06531  -88.07032
590.00929  27.03474
-30.16532  121.44887
304.80310  -433.28028
3.97703  620.30558
-514.56766  696.10356
92.98290  -587.75090
540.33345  -203.80189
207.72716  639.14634
837.03100  103.52296
-14.10413  761.06801
-832.92033  -179.22094
609.69033  -106.68150
560.97927  -536.66300
-172.55561  -844.74301
-838.15430  -255.33226
774.94273  -83.46038
468.59332  259.87041
788.27834  -35.10621
-295.43142  -710.44214
-266.49010  456.62540
355.52964  -424.48603
-821.45011  -214.52692
655.34326  -243.29991
-412.04635  133.49132
46.55246  950.28673
-338.52865  -717.63610
845.77371  -203.51458
570.30714  509.05085
595.13193  -307.86620
313.35683  181.31591
-51.54764  -465.90397
-393.21620  -475.76165
257.36191  -314.29001
-194.27747  57.05322
-337.04209  280.49060
-620.61104  -404.95753
601.97060  561.24931
-547.52150  -138.45249
-429.44073  -642.60825
771.72831  179.14137
522.17960  -50.84683
585.95829  193.65851
-239.27780  61.72101
-211.36887  516.33757
759.64617  -320.82064
-724.53027  -29.64275
58.89462  -611.22950
-565.15851  -384.98681
710.01594  404.50498
-231.19514  85.14896
-684.38036  172.76408
112.14783  -306.09627
-284.56359  712.12998
401.44424  -232.71664
-305.87938  -261.93504
-16.26989  -161.31061
-115.25192  67.35639
388.47287  575.76284
713.42037  -84.86436
160.65225  -829.41172
-296.73669  -615.10932
-634.44440  -109.09783
816.01065  341.32786
-384.54866  188.39696
-232.73282  -606.97347
-75.34016  -770.67684
-824.89638  24.81341
410.28274  -170.67737
805.36587  380.99470
-816.69790  -215.51547
358.71865  156.25402
-617.03129  616.58948
-550.57529  260.83916
7.19507  451.10987
682.43740  -188.71401
136.57857  -797.42927
-57.62619  -933.71473
-247.38653  -473.54246
-429.14055  -152.79431
270.42655  -777.70545
756.52690  -354.50949
-553.75131  602.15294
-680.56046  279.83286
520.83260  584.88432
-723.65472  353.10835
202.18725  -791.55576
315.32572  605.80280
-314.62634  143.99645
203.32771  -390.16698
-417.67690  -581.53304
271.35578  -260.23932
-604.33917  492.15221
206.48950  -36.77568
746.66814  -509.84357
-768.94218  -403.85172
376.68245  -563.57312
69.93315  -66.21651
-340.89960  -541.62891
544.05933  304.61067
289.44755  104.93634
32.82142  -397.86881
-107.40452  273.62000
-687.88590  -415.12801
-354.59196  -512.12628
-863.39304  462.91506
-849.41056  -364.38185
-721.49336  -222.50297
-413.54251  -162.38165
-53.13708  -691.51678
843.57510  73.70736
451.74146  -703.36911
-856.53899  93.72044
850.12190  398.29472
-400.76743  -122.42809
-299.10989  162.20490
-778.41640  -290.54917
-323.14484  564.37354
-552.29546  36.07849
-181.30129  16.48160
-203.95921  564.87130
-524.59456  555.44469
-48.28380  489.96068
264.14839  513.70657
-385.33214  -59.66050
-472.94279  346.39982
13.58010  909.82576
-648.02859  -559.93910
-369.08293  762.54887
-633.87506  242.26691
-735.86755  444.16117
-406.51300  -276.28002
-540.26362  -579.09012
-583.88284  91.40640
122.57564  -101.85590
-398.81223  684.70044
563.21533  -609.93968
-670.60727  -290.49633
-714.20205  122.15452
750.72098  -128.13565
-799.94582  507.10475
655.63357  36.64683
-761.37597  429.29898
-758.82794  448.65251
266.17447  -25.86711
-74.25769  -269.23084
-376.35618  -100.99806
-449.77026  -62.90660
807.68589  -422.04553
-65.70513  -777.18830
419.04262  -138.45861
122.56461  -707.54595
-76.56946  -311.04598
-570.12867  619.66842
56.97067  -307.96533
367.61733  -497.57600
350.27799  259.37464
672.96902  420.09499
-586.12393  -325.51537
612.66843  -396.65152
447.96642  -336.75000
305.25616  386.52742
-631.24249  366.57872
-495.30593  -87.66559
-164.16105  103.22607
779.77562  381.02710
51.88412  -674.70311
477.02871  685.72044
-771.73210  -553.62154
170.12099  476.13865
381.09470  609.98987
67.88364  105.46210
-364.46343  -380.07457
-250.74890  135.50334
-720.91505  168.94749
-732.76877  -434.53670
-185.67130  516.18523
-55.52830  40.60595
844.32116  228.52346
-184.82503  185.15405
-813.15902  -132.50306
598.79566  -553.41590
-722.71746  -202.88719
-278.52913  -531.76306
37.42864  325.02216
-803.82440  292.11760
817.31518  313.98523
20.06292  271.84825
-138.37205  -600.51104
217.75497  357.52679
272.38510  -453.63106
205.71048  718.49272
798.62971  253.37645
795.16898  -256.03290
171.98265  -262.23864
115.00341  -528.83436
-90.46159  119.15689
-410.28641  533.83088
-116.31759  174.64746
132.83647  -806.61470
-424.19491  -46.51326
-14.32785  -435.37766
-667.43754  282.57329
-156.66964  -285.15879
20.09847  95.25561
758.77098  -45.27591
-65.61466  724.36834
-525.80076  -635.84749
87.63425  -572.94498
31.33303  -805.52135
407.80912  637.86976
-134.54441  34.51943
223.04844  -848.19451
303.89226  -66.80347
-330.40692  -504.53715
-383.30774  681.30941
315.19933  -712.19859
-759.00550  -272.10877
600.69067  -22.91710
169.90865  622.95093
633.42279  -493.12650
-340.64961  -445.58231
634.49349  408.06403
-313.21295  209.77152
102.66094  -101.65252
208.45900  542.51462
349.11574  -160.99968
202.94012  296.32805
773.82184  280.62815
-810.96705  -188.27289
-156.42632  581.50236
-846.15124  -444.09152
-234.59753  268.96768
-129.21654  -232.98774
-354.84235  -35.45201
-299.63375  7.02632
-114.80438  689.15955
745.24949  463.18941
-10.34573  617.92126
818.74287  289.57847
74.73841  138.81227
59.97808  -323.15399
-581.26357  275.27957
-509.07704  -411.98510
467.18321  -2.73963
164.68773  -820.89074
412.88946  331.14220
780.25671  502.73830
-316.81043  -316.95666
-422.34224  369.57638
-38.47719  317.88072
-353.30046  -299.27979
438.86172  644.46399
-411.73943  -758.69763
-39.17691  -48.38447
-436.82411  352.47867
-678.59899  264.42369
287.37649  727.33387
249.86989  -576.72268
-625.42374  484.58695
747.13498  211.95393
-259.39264  569.09948
-532.59310  -8.77159
451.83861  342.36987
-203.04425  -816.18519
242.30790  -281.61788
48.32893  -409.34648
-332.32829  490.72194
312.76540  63.99996
-346.72738  115.54842
-276.96092  793.46917
97.19900  184.31150
-679.96311  -257.59158
-536.91494  466.08919
-90.33782  -409.46375
664.90988  -311.69475
265.63264  588.32255
-275.36622  -4.72880
-218.50608  320.12059
23.62183  -803.83051
83.45584  394.08312
-262.63490  -680.37623
-786.69122  -39.31490
-282.80812  11.22754
-609.65825  -176.74348
402.94524  -104.05204
-575.35536  583.73046
-7.09862  -360.45739
396.41578  -157.12282
-540.99777  -438.53355
401.16582  10.22200
0.45170  941.15967
-9.00715  567.08428
-131.26371  468.08565
-139.63932  -672.40724
624.95798  202.26210
374.08606  -582.99957
-253.32737  303.55302
327.12720  -87.89225
766.99426  -295.90632
-235.98903  429.07530
22.44454  -501.45582
-748.83198  -181.49708
-668.15705  -185.77682
575.81631  -491.25636
-312.57780  -381.93828
-132.64422  828.69345
330.16500  543.38203
160.10965  267.47690
-22.61956  -531.62102
-134.20050  -276.04180
171.69817  -197.63113
865.11239  140.67608
-751.70779  509.21222
-132.49741  719.42964
472.58653  422.76681
501.10093  -94.14297
61.14211  -194.69343
-415.84306  18.08449
-134.55508  615.99549
-637.47815  -352.32312
-811.73512  504.46539
773.39890  -218.77240
19.28642  301.95553
841.75748  49.64895
-615.27602  229.68068
65.20354  49.80069
479.52462  452.78997
-356.53805  -670.73810
617.47023  -376.13926
747.19354  478.50566
-493.31963  -226.88325
-313.19393  -81.15136
-509.68950  -96.26748
282.26801  -515.70060
-653.07578  422.11966
-658.66640  553.17484
-514.02403  -470.21804
414.85755  -674.22862
-467.87232  -692.60921
394.85328  130.97989
104.37487  883.53351
71.36596  204.07302
395.86586  -547.17723
-113.56014  749.98528
-749.46974  -361.46154
-276.08464  -216.45021
-127.98391  -333.30924
-601.26470  -96.49351
727.45293  411.52211
-377.61773  65.84443
-458.56417  75.09116
384.99205  -299.33836
128.92206  48.51264
-493.65241  276.79506
769.13294  -296.90922
320.41591  -435.97811
161.77642  497.72127
-241.85832  172.00439
480.83205  493.72345
-477.75911  309.90464
385.58780  -558.25742
-87.13397  -784.14333
-211.89674  177.93228
-721.12022  -350.39338
677.27131  175.95350
561.27942  -153.72715
-161.01064  493.20475
220.23009  -760.11477
-450.59316  -305.21562
107.80855  160.06472
643.23777  -54.11824
-455.81079  451.71714
-53.38568  751.51744
-662.85220  -566.72311
264.92310  -828.29038
-272.78298  94.38611
-202.10543  -792.67268
-30.24938  -511.04502
-670.96915  -271.32044
25.58186  56.36160
357.43795  281.65231
464.53148  485.20905
-59.98556  756.60723
-657.29702  -383.71702
216.90931  561.05730
456.06475  420.59575
787.25844  -442.88684
-544.39743  447.81177
56.77198  -367.89046
-171.22017  -442.07174
808.96270  506.29573
521.97142  294.20487
-322.00900  433.08418
-251.82125  -77.41580
12.11758  -502.13877
38.95929  41.48370
-635.84524  536.14405
394.80351  -506.74397
-28.69400  -532.94701
-357.21727  -489.80937
-38.89245  -763.92369
-124.67396  -147.04499
74.09640  742.15245
-712.16087  -18.14120
-826.79331  -175.04824
-355.35194  -686.07999
326.80214  101.25370
-153.64327  -787.66978
-676.87831  -580.46007
-550.18612  -651.96449
1.65335  218.21162
-39.57710  -57.11574
-636.60415  -504.44809
257.52670  698.13243
381.87182  -359.62410
-615.88889  25.08544
-66.99292  -796.69441
-39.21335  445.34119
-162.45915  38.23051
-281.91707  554.95044
354.13789  -412.63131
388.21943  299.22469
227.29599  -107.03720
-588.13943  8.52523
270.56269  -269.21331
855.30766  -87.75932
-770.36122  194.14941
-98.69528  -365.81079
58.07290  584.49380
-412.51953  -194.95988
584.55894  -374.75483
44.41927  -49.09867
-187.26319  480.62757
783.80318  74.06152
-164.74757  632.16767
365.60523  -725.75530
-565.44220  333.09357
-468.35903  -204.73779
573.55279  46.60384
-312.99544  -467.15121
476.48571  523.19339
-46.07941  388.34656
169.02029  -580.00162
137.76756  316.73210
-49.35671  -263.87188
334.34094  395.97217
-660.54285  -348.95607
35.79033  -293.67513
239.59607  174.86807
-595.91814  262.87837
-424.81795  -18.57174
-537.78576  -335.08431
-393.56905  -146.63003
273.96349  -277.19210
-88.86548  -828.78365
-411.87751  -109.68900
-755.88580  -444.47868
829.08576  -187.34345
-384.35619  -329.75166
-301.43299  154.40628
-456.42170  10.53031
538.62944  -406.34249
273.65712  300.83327
-81.59126  -91.48437
382.24063  638.90608
853.25232  -9.73591
200.73846  343.01019
806.99436  -473.39496
822.59136  -308.45395
-67.06073  -540.49918
201.59388  -600.77259
14.33598  424.56727
859.83826  293.01414
-815.95642  132.28863
344.92299  504.15798
-554.50187  -423.59416
-563.15498  -56.11712
136.68128  66.59105
-590.45383  -347.08584
265.27526  -808.63342
-601.65719  -150.22570
-205.61769  505.93870
-686.13605  422.82649
-388.86975  553.28756
457.45192  477.06253
353.83317  -646.39562
68.00651  523.52382
101.97254  -289.81267
-574.37877  -393.30762
338.24383  658.04648
-147.82956  -341.20650
-529.31947  607.73214
-581.41954  516.25807
696.80192  -208.39317
-163.30610  -743.89650
-582.08225  -273.07563
474.74044  -33.41524
143.50133  159.98229
76.64216  -231.59469
-285.91442  -529.83010
-244.13002  725.06819
-32.89466  816.67064
-860.64396  -316.71698
116.07322  243.03616
489.46373  -420.12002
-403.38446  -205.99043
204.27337  138.67823
-92.73366  -677.15769
-693.18210  -216.78799
-89.93404  -207.05511
790.07627  -228.76285
-230.33658  498.51460
292.49524  263.75023
-743.12706  -476.17547
396.31160  728.42611
408.80908  67.94756
-713.42630  -429.79607
530.91575  -219.83239
186.21547  889.17944
-94.67162  -618.91752
515.18097  150.71665
514.46862  -343.02213
-541.26615  -8.58384
-482.50803  -19.51709
521.85761  -116.48034
108.17092  898.21910
-61.75703  718.71084
-462.93764  349.38490
10.56419  214.64395
-362.16970  699.85758
378.34190  656.19096
575.47584  637.23123
118.33411  -725.83516
-18.68929  732.19465
456.30961  -121.46942
609.65690  -66.55972
287.84547  -555.04257
-378.71950  533.26352
-118.68455  -535.20999
539.08245  -145.43118
-250.25592  -566.28695
-296.85011  -437.46361
636.37905  29.18411
-441.40092  320.78422
635.61312  522.54730
487.80323  76.36439
-118.06846  -181.54877
690.28138  107.43507
-21.46542  -57.24909
-202.69320  881.63063
1.75243  582.31807
-362.38095  -119.88125
142.88039  679.99060
-801.99285  247.75828
811.01826  279.71338
307.82728  -168.66331
-464.95385  691.94019
-561.89786  -514.85054
276.45104  -742.73349
-110.74194  788.25604
489.86223  -367.01276
-496.56302  653.63837
329.67727  -517.69239
170.05353  -758.55099
-183.92012  164.57779
115.12530  -688.58160
-784.33661  111.30281
-478.59138  553.42686
295.60539  754.64726
162.71264  87.75842
84.59274  657.18533
278.81098  -591.40693
132.47111  916.37372
103.59941  247.04272
-854.27246  344.03733
256.02440  794.57094
556.37295  663.52082
503.31026  -223.82016
-857.69729  212.86815
-771.05698  74.24167
-191.43835  -558.31736
-65.24027  467.13993
515.76606  -178.90781
530.61092  491.23066
-291.75296  -755.07453
315.37519  778.97179
11.72824  591.33072
-861.67529  348.01448
-636.32655  -146.10850
-561.52139  258.31075
-801.94535  -169.08683
-726.04010  -510.53741
-206.42585  -737.65290
-777.61956  -152.62219
-199.49479  -167.95437
-640.32434  486.21988
333.75369  -697.47572
-850.68983  131.48034
22.42099  135.02972
-808.89653  357.25114
-94.88677  576.02128
-590.00647  428.50340
-680.78913  -320.08383
609.65443  -436.07759
-678.73350  595.25086
324.88213  -485.65123
271.65970  491.14587
-750.69855  -83.67787
398.33279  562.85698
363.29738  258.36606
-403.71644  -695.90564
521.49386  198.96045
-452.98308  -383.64129
754.87536  -16.51035
33.13475  607.79574
-363.04876  713.60539
-265.59965  791.81395
415.22860  363.88753
788.76491  -441.88602
127.41156  48.51216
-546.65341  -171.42309
215.71424  -108.68224
681.65756  514.99350
-731.95943  428.66058
658.37988  65.48930
738.76531  274.68673
-401.85966  -378.47409
-582.95458  -123.54152
-56.48480  496.96125
581.94332  313.26267
-586.37807  527.52198
-85.37552  739.26160
-59.30242  -96.80076
423.78008  723.87071
-43.73238  -535.66330
313.56115  287.15837
32.80269  -369.41384
-527.47909  485.35829
223.92850  129.52963
77.54685  515.15557
-107.92930  465.71960
-740.11092  562.00648
-617.81811  -403.53753
375.95685  542.57683
-791.01964  -500.24785
123.96508  -480.58377
153.48211  591.72021
-186.63293  109.54190
478.75646  -298.70869
454.82152  -494.66628
620.32018  -462.52177
-623.75216  -357.16558
-553.82045  72.87403
-828.32905  -193.01963
153.63660  354.44000
267.87851  -256.28648
-609.62929  259.70920
545.36770  -550.79115
-477.32653  237.86951
575.77358  327.51623
281.09151  92.08141
-282.86978  2.14398
-591.29735  -52.48203
507.32312  609.78004
-831.48984  -330.09083
-275.16971  -105.22333
-334.54205  -350.74535
-675.16569  -552.87473
-382.89429  -396.63907
349.38717  -282.83216
-268.70937  648.33563
-319.28771  347.52092
438.44090  202.66093
-677.02845  525.99099
-56.36625  909.46038
453.71205  510.99814
453.05569  298.47854
-424.58454  55.11628
-194.47922  438.62115
195.65543  545.81026
-134.58753  -358.44293
576.68097  135.14620
-97.54746  347.81520
-150.73540  -689.58747
-819.90046  -519.67213
-793.81492  -415.52485
-534.30063  569.27268
-49.42969  -699.74945
781.20011  -299.28080
-670.24302  134.43808
-714.44866  186.52154
732.50125  172.35772
-34.95551  -106.62049
-56.02428  -632.20797
-774.04500  -20.16418
684.76666  -533.03303
458.36607  422.11732
791.15011  -379.60218
-85.27811  85.33897
357.03609  575.77528
-127.37360  -901.14200
-463.65246  204.34737
631.16815  -482.96995
335.49672  297.69797
25.90845  637.63125
843.65016  -215.30479
-32.61821  598.08108
199.97208  -15.67423
145.82521  -162.02217
-414.72201  -102.88767
272.28046  -630.74528
-515.37512  -254.63894
805.69105  -167.71868
30.62149  691.51990
74.41412  -725.34046
-616.91473  -527.93803
-130.64259  -123.03493
-315.06759  93.14736
270.91766  -26.88399
561.19337  78.95321
485.87324  338.25655
-522.06801  270.90056
585.17383  -578.57157
577.79059  -464.73919
286.32663  -134.90502
218.47705  328.88063
-683.55603  -203.84624
-846.86762  112.48851
727.62128  -540.52668
-509.48070  288.41825
-31.99821  73.26178
-648.50478  -128.79559
120.56144  309.54564
-459.16266  510.53406
513.22740  -614.58490
550.63513  -475.51764
-61.70612  225.19490
-193.16395  -424.45459
478.59118  391.05342
-125.38490  -349.43138
-106.92231  -613.54256
-55.62901  181.14119
-167.26398  -34.92904
97.29294  -267.69904
-361.54947  787.15861
-591.95958  -57.30514
-462.28739  -721.72396
569.91998  -238.12518
-609.21067  -512.65280
-417.31446  -608.32784
-272.70290  764.40214
-455.60562  -157.10297
644.96899  -259.78865
396.62898  -717.25887
169.96956  -828.53812
782.81402  40.44316
-447.71094  46.57194
139.61427  -735.01378
400.86698  -660.04940
-142.21467  -38.52411
194.29017  -372.30710
171.65741  -180.54112
563.63797  -356.80500
-435.71996  447.91621
-840.20608  -19.65034
-111.17742  -43.35159
434.15987  169.61732
643.81014  59.24068
-106.38103  337.23014
500.09937  -598.66655
577.72730  559.14085
-76.90816  883.11804
-184.87895  657.14078
-78.08509  -188.36976
-195.12378  691.95083
228.67045  151.74216
-694.50031  -301.94671
776.66653  -523.04916
-142.19879  247.21573
143.58469  12.16211
-304.99756  409.45390
238.74874  408.79363
708.94543  -515.16835
-521.98945  0.97094
-654.43294  198.81065
-291.53061  742.77276
-286.04357  61.22783
99.84729  -483.79501
-10.17172  -575.31998
-50.99423  -440.17360
