-96.68652  -301.85126
-219.32471  260.80884
-431.16266  19.32794
391.51401  201.09688
314.03919  173.45388
-309.88566  192.22944
28.34435  -445.29560
-34.97129  -236.51614
157.58667  117.05664
114.96462  -234.45399
217.49382  158.09722
102.11364  -96.47404
238.03838  162.59817
323.62472  179.19304
238.83840  -300.75725
-223.96457  170.68678
180.31947  107.03210
-306.65154  119.01428
144.92595  -150.95686
285.07579  189.58228
-82.06403  348.23587
-79.20234  -262.76265
281.88270  108.93042
-90.27121  -12.66132
-389.64397  -90.13098
250.69143  125.19926
-260.87056  -223.50825
-297.68549  -136.01696
-97.21022  108.78122
-178.83580  -394.15977
-131.64234  -376.56078
236.43417  -93.97356
-348.69472  192.06631
-252.56764  264.69768
-175.07813  -209.60569
89.01455  -253.57017
-164.55708  323.66645
106.15919  58.08609
71.29399  125.61629
-46.86224  232.55319
-16.36748  -176.92161
372.33098  -252.99519
-221.43740  48.28177
108.73037  -273.84464
-226.78244  -18.40412
-204.53259  -64.15699
-306.27482  130.91153
-66.76960  194.43526
68.82468  218.90379
159.34044  305.12486
285.97281  260.64832
-200.90283  -15.50681
168.37131  203.30884
65.69916  10.23808
-171.11417  293.72853
-118.08636  -181.82930
-371.20392  205.84326
136.17881  172.55578
-136.93805  21.44418
425.30681  -181.12903
164.88455  49.15462
96.29499  -190.35417
-189.63235  14.42089
-145.06989  5.12514
-386.78528  58.28642
108.06137  429.18268
186.34573  -381.36169
295.48492  192.59935
91.23984  -385.32147
166.23179  249.36598
219.74154  -48.90927
77.58265  -50.18192
-204.45144  33.14836
402.81790  -154.49111
-316.91438  -176.17144
125.93802  -125.10598
353.49488  -233.91272
-76.08558  -87.20655
313.60188  269.52543
59.90518  105.08900
-281.05710  294.06989
-146.24636  -376.90790
-388.05776  -156.86510
240.19001  -77.14099
213.62588  -261.18306
160.93626  -54.99459
-301.43664  -264.33856
23.83038  309.98180
-273.31580  323.20212
-234.33051  235.21096
-86.94834  219.34375
143.49522  404.22627
-19.65297  -131.46288
-350.41665  240.78008
222.94352  220.64290
-256.04350  287.20519
56.45298  -27.71834
97.17809  -103.70945
61.44119  -183.06550
-91.37638  419.57068
41.00797  98.10706
126.15634  85.37330
76.25015  267.17624
357.42484  -240.63994
265.82755  128.99490
365.30411  -129.01902
-18.98669  -103.64654
-80.66119  103.25558
132.42740  -200.88606
-278.27129  322.32407
-99.96419  343.56751
270.20406  -28.64496
-98.08359  -303.65977
34.56086  441.15245
21.27260  -137.57647
-59.15540  120.94451
306.31831  -173.33636
-207.13161  297.75817
-285.68345  66.98424
120.40392  315.36031
-157.97066  230.69366
30.50495  269.52873
275.90905  103.28126
386.69590  271.77193
-145.52206  124.89699
-373.31296  132.62239
-87.09440  244.06033
386.80248  -275.72989
-32.87326  251.20137
31.11458  186.94515
66.46393  387.45828
-237.18893  157.70322
-61.46243  -398.14989
-274.28275  -9.10154
-31.16803  416.13414
354.21986  -258.77802
423.43267  -92.78081
-147.48836  -287.71810
-109.68742  -355.51704
31.80232  261.98358
-432.06744  216.98960
-271.55529  -342.60525
-140.36177  381.96928
-344.19998  177.83201
-196.00187  42.03225
-282.54972  224.15174
-18.57645  -246.95606
102.63850  173.27314
-298.00122  277.19199
115.58958  391.61627
164.19788  -98.76144
282.98701  -198.39653
322.69473  49.86061
-157.42669  317.29323
-0.66444  -387.12625
208.53981  -272.75227
322.56178  -168.07873
-259.82375  175.82233
270.52047  -155.59208
-234.53331  93.14880
286.43017  69.30210
-339.36160  109.81673
100.70292  -21.61775
-211.54417  -125.11912
341.60470  -266.69619
-113.05955  94.23460
-62.59799  6.40495
-36.19076  361.13284
200.21728  131.09175
-308.46770  141.31227
-39.32535  436.66154
-44.39729  215.28684
137.11325  -417.71335
-45.56030  -123.37823
-7.74216  -199.01399
196.30840  -97.10632
-97.08951  -357.09872
266.08471  150.53630
-115.70970  -361.89719
111.98233  -165.88204
-201.31417  35.04900
114.56312  -425.02801
-390.78931  97.55789
-283.23228  228.82793
330.65658  -74.83646
154.17384  92.41916
-408.64791  244.26976
338.44976  -142.67115
-105.00156  379.04065
220.23288  191.69317
-39.58849  -70.45336
-20.61966  193.42912
-91.82229  -198.57459
315.91341  270.36769
0.28728  432.78415
-176.22807  -186.93190
211.93895  -16.31780
424.17946  8.53617
-220.42417  -53.19331
-258.55238  249.60510
386.67821  96.44531
411.15167  -70.09962
264.06859  -280.65999
250.19865  169.81583
146.70228  178.16722
-121.27940  287.43511
273.84563  -109.39830
421.59942  -53.58480
254.47105  -24.85858
-84.49437  335.67221
-45.51783  384.64240
31.98740  109.48141
-173.22607  -91.59673
226.56982  -64.04266
-127.07803  -394.24097
-160.02506  261.57079
166.08945  -275.77916
-281.41468  142.86205
-336.72045  -140.48142
-131.69701  -338.29053
360.05429  -193.27411
286.70191  153.03667
401.74274  -24.40702
308.18214  -113.58346
-368.24266  -121.22669
-40.83372  -445.73927
-86.05622  -75.38395
-63.86749  -310.01101
164.54520  135.73526
-54.98080  -145.11365
-98.68059  -257.52266
-172.54959  -237.65359
261.92379  -293.37571
-405.56224  157.64135
1.71380  171.82474
-368.81402  196.63186
-77.76586  -383.43061
-410.41377  -34.05313
277.30333  273.86941
25.00723  403.97439
43.14035  -36.67404
-297.12189  -279.17086
388.24536  -271.40091
318.03057  273.91227
284.00657  8.20201
228.40108  -42.43829
-57.12807  -244.07949
-144.00122  -174.18535
113.28879  -54.23119
374.36392  -133.01530
13.53557  208.10545
330.33494  173.30447
-275.94592  188.72295
16.47360  280.92973
38.03156  437.38895
279.25522  296.79269
-244.11014  112.81925
-409.02231  -261.37085
-427.42701  -244.33211
-111.90917  408.29665
-317.01201  -103.14696
-54.32589  321.83327
135.78101  289.76816
5.83373  -148.40989
344.37418  -258.88921
-164.28731  92.36086
-344.06442  -230.21512
-270.95704  -16.68667
-265.66838  66.78035
-246.92534  -170.17838
-231.16945  329.04765
62.21786  66.28278
178.14925  177.43094
331.29611  -88.50378
-189.45097  365.83893
-38.08782  110.71751
-12.96350  338.21919
-25.61480  284.52825
-263.96786  -290.49682
12.31704  113.28665
-21.33734  183.25888
309.21481  -49.40618
-47.96331  -452.95553
257.23764  -86.01622
108.37350  386.16970
-398.67054  -259.14180
-29.03436  -318.29630
37.83851  191.25653
293.61919  -40.56457
-149.80547  -235.33024
87.20173  -134.88859
-210.99047  -63.82325
-6.39542  -259.08301
-160.06836  210.27431
243.62685  -155.15280
-394.84104  -96.32541
399.80097  -80.82682
-380.48278  -239.45189
242.53015  -253.65582
-324.72129  243.32144
413.22323  9.95053
-359.59268  199.23580
185.58368  343.54319
37.52160  -218.40364
-367.83950  -166.66657
253.97279  94.88979
-315.27583  306.18553
256.40458  -60.46664
-225.06932  182.38153
377.69187  272.68345
-185.59164  -190.50040
-63.07149  -10.15670
40.58997  445.35271
-186.04638  158.34632
314.23731  159.57444
285.03697  -35.43663
-148.45499  -140.78417
347.22278  -227.60936
88.23896  -427.75152
117.03597  74.02491
139.33720  136.66381
230.47095  -162.68669
-89.14974  20.90024
-31.07583  375.45090
330.29281  -164.77429
-348.35578  199.03065
-284.97930  95.25648
-109.13706  71.58012
-9.23989  112.63822
128.88716  339.50761
-54.42344  370.53969
-252.98947  -125.94440
-129.79052  -71.15654
-209.02898  209.15530
-337.48046  -139.49743
363.46254  -227.51411
-251.50723  274.52048
369.05177  142.82379
362.86137  -51.56124
382.31515  170.46689
223.17042  222.81363
366.79522  -192.12587
-151.58366  -172.76126
54.46701  -184.35233
201.25617  -251.98125
183.81531  -228.83631
-324.29025  -307.39591
-215.59303  -269.72954
115.16468  46.08230
399.59818  91.43864
33.67111  -448.68015
54.77530  222.09932
100.56985  -222.59157
-79.19842  61.75784
366.53438  -33.81024
-200.13402  -111.77644
-79.84810  -397.52900
383.57675  42.79447
-161.50650  125.63572
-24.74699  -397.33969
-322.89661  -257.71302
81.43514  166.18279
102.51797  -201.89608
-215.99447  173.34219
-52.49746  -162.97196
-393.47410  -170.78638
-369.91352  63.99394
154.99032  -330.48202
-55.39206  211.08517
-288.53546  -157.40730
-331.84044  -197.80718
-304.49735  -85.22033
-25.30849  46.26275
-12.55699  -348.81183
-329.92645  75.58021
128.99453  218.16190
3.90130  286.08808
232.10718  -273.80729
116.51191  -88.91844
-182.45629  70.06177
-269.26751  -325.09276
-28.95383  -299.52532
159.49602  308.47082
133.03188  199.60203
-336.12959  296.43736
-118.85716  -335.06000
-204.94721  -318.35014
195.19187  -165.71743
-94.39822  -313.90119
-271.50820  141.02918
398.07706  -46.18874
84.63787  -37.11858
-307.52947  -174.76480
-293.16731  16.11595
125.71563  -171.99526
127.01763  -212.20086
-55.71376  319.83448
372.02946  -72.00494
0.86522  404.97809
-13.03930  77.25917
194.80009  -21.75414
-407.06177  -20.81548
28.11564  -372.98416
41.05209  -43.13913
-165.06449  250.28029
-130.53100  47.04416
254.30640  -301.56466
163.77413  323.97870
-325.57296  -87.45036
-150.73812  -305.92331
-359.51299  182.99078
-149.76792  -350.17025
113.78753  198.70554
103.31524  15.40985
117.48388  316.32570
-285.65955  -248.06712
207.13759  360.70344
-186.32888  80.59769
-163.99219  312.77109
-287.75408  177.97186
400.52113  115.11678
171.35630  -159.57119
-399.61115  -106.77357
-236.57833  -293.34809
14.49656  318.89948
-12.92331  -409.11381
-52.06535  -377.15613
299.80172  262.97386
293.76390  -204.56508
39.56428  224.57976
-215.60526  -74.94323
-401.39044  180.30613
-289.56070  -128.85243
194.76560  380.40166
29.71334  336.33304
-144.46372  261.84411
37.48562  -433.88661
-302.23877  98.04377
-43.65391  353.90484
78.31819  -288.08386
120.44397  421.66968
68.60763  -437.15300
300.68963  55.33634
-405.95232  -190.05345
414.37461  -66.43611
-419.94580  -137.75280
-387.35703  -131.73936
263.06919  -58.79598
-58.62600  60.04574
248.57227  251.11541
234.98462  250.49335
-260.70389  177.21851
125.17543  352.57636
314.16762  -13.61313
356.45256  187.49081
267.50364  32.88557
83.17045  75.18901
163.12316  -136.33171
165.53704  268.95820
32.79377  -224.61565
125.29653  -54.10721
138.67057  -278.38357
-258.41062  -106.19981
296.17012  274.67269
234.00291  -208.03586
329.26046  259.88745
-292.74360  11.68217
-65.07660  123.11855
415.94152  -95.53533
-116.24655  -402.22236
56.00383  103.66794
79.81209  -71.75013
-201.47711  207.50939
241.55935  229.26300
142.16858  -263.22735
284.71771  -97.82786
-323.09700  -112.52279
283.57255  48.92305
-47.92591  -240.49884
-63.39140  -100.98990
-363.20310  -251.23381
265.18552  172.81697
-57.11051  337.11669
-42.77006  354.83823
-283.14449  293.60392
180.94172  -105.61605
-356.91524  24.27610
-75.01271  -281.54398
146.53704  -165.89527
128.91709  261.13880
-358.00617  -173.56787
-167.67415  -104.27544
294.90510  -229.78573
135.90467  12.48089
-253.33250  345.58694
-259.85963  341.86079
-83.42881  -236.01279
-296.95100  -204.93271
-202.29032  -331.07864
-53.68129  237.00124
-171.02301  88.50606
-258.19412  136.95108
288.36336  272.97743
265.35411  179.54527
3.06808  -462.99785
-56.24638  157.50861
203.32694  -2.23254
-348.13624  129.65691
-22.90599  -305.25800
134.72689  -349.74095
-115.92926  -270.49128
125.78583  109.49240
137.81314  -170.16533
-52.98081  175.27845
104.11241  58.29730
339.61697  -271.73973
-111.89894  154.37487
255.72351  -151.84351
-159.26974  297.71910
250.32275  -297.07031
-82.46430  367.47320
-44.92743  94.93295
141.57220  77.36782
70.75459  -233.70038
-105.31568  -139.35848
-330.60521  150.15406
187.76675  65.26581
-71.27020  40.65973
305.55713  313.03282
-378.28997  239.62942
281.27163  -231.74990
290.62529  -38.59583
-2.45413  484.62166
370.65593  86.19268
-378.41074  211.75806
-102.54563  260.49938
-195.22327  277.44513
-142.42678  89.63531
-349.31727  82.56142
-425.28701  146.29525
273.23680  11.86033
32.29946  459.75359
-159.56804  -310.59110
-285.03311  117.24131
66.05522  141.89827
296.67781  -190.06475
36.43523  -455.05214
169.15796  212.51220
-197.90388  356.70099
-204.71793  183.45405
-410.22147  138.90675
-181.34139  58.41576
226.75319  -110.87142
87.94574  286.37334
258.61508  251.37372
-380.37493  183.51632
-106.11263  133.33859
-244.84555  -108.17201
-243.09446  -207.51158
183.61169  -283.89106
-413.53332  48.04541
-144.86513  278.09275
-54.40021  326.60341
129.57031  377.13073
85.09341  177.91381
212.98200  285.36544
240.67761  304.30116
-25.70857  0.18084
-119.45951  147.18853
-306.83992  301.32887
100.01606  186.50155
-89.30097  -107.58231
-235.54455  -88.19823
68.73251  383.89411
-206.90236  319.54443
52.95840  256.76062
172.72694  -114.74180
-307.17059  -165.02925
-148.91479  124.40319
-78.03294  22.47392
-106.17370  27.67759
392.68276  254.49077
76.39622  -357.78893
78.77150  -103.53414
312.14864  258.97890
-114.74788  285.18481
-38.66253  -279.22693
-83.59375  -279.41905
-385.10021  -196.59950
273.26264  -43.61985
431.50707  -68.97118
-107.50716  89.06956
-384.31188  114.53868
-186.47845  339.38584
236.96608  -261.64954
411.44958  -59.98191
48.95893  -138.09854
420.74688  132.16458
-161.01286  160.45918
3.94147  -258.43719
73.14563  163.36048
376.07798  -55.71835
79.23321  -54.02764
303.74155  301.37714
-61.93319  370.14258
44.75075  267.58717
-170.04481  -207.66160
-171.90611  262.18438
-188.78581  -350.69808
93.42448  -145.99923
-188.52025  224.59501
105.87680  -193.15975
324.78759  -145.33563
-293.23332  73.62057
305.87034  -187.87507
-408.49490  -192.72377
42.86098  136.55424
-166.15921  329.46504
407.49000  213.27197
-205.64327  -105.65146
289.00469  238.81258
-277.06956  -201.77966
-29.99732  -296.21114
-377.24989  -259.82999
16.53056  385.61310
-64.24131  209.63689
23.28018  -48.68999
290.38557  -137.10650
39.65517  -20.73896
60.41386  -78.57850
394.39421  -88.59941
119.23892  80.36107
371.88115  111.24696
-351.24656  148.74778
206.54448  -14.51447
-2.19530  -215.76793
186.75177  -67.97237
317.17285  -265.28350
216.88947  -200.12811
391.28868  177.13390
-6.38217  -143.40731
-123.96331  252.86173
372.42518  -28.11233
318.29410  -199.03771
169.38298  -56.15237
-153.55001  247.12054
67.37824  -283.33853
173.72626  206.58605
5.27643  -416.85112
-149.02633  -290.12092
-316.58285  -78.84959
-402.00795  -78.56520
100.71755  -331.76757
281.43719  -140.15479
130.82164  -410.36990
220.61383  358.59524
-412.38422  -218.37722
-213.74166  -151.72587
-351.57131  27.42722
210.80294  -39.68889
327.47800  119.95224
-83.83042  -424.08621
-411.24730  -126.28052
216.89448  -180.98056
-348.64708  -107.90979
3.54784  429.20145
-144.29690  -199.37313
188.77317  193.48619
389.94505  -47.29087
95.24074  210.19713
-299.12532  182.79487
-72.04509  337.30202
-36.83013  134.93136
-220.39565  -157.53225
-108.72772  -281.53449
-317.29530  185.63281
50.41064  -413.33082
82.96191  -402.12606
87.67372  168.12008
-135.53883  -392.17394
254.04756  -104.12877
-111.37466  5.24119
-259.52372  -177.71126
177.84555  331.46820
41.46485  -117.05504
-231.96443  -365.94135
-44.05099  -86.01118
-144.21938  318.19794
-182.12607  269.93609
-66.08772  -368.42498
256.52603  212.83523
191.60945  -367.21190
-91.74945  240.52570
-103.10294  144.31526
-121.29570  -171.84332
-225.73789  -67.84000
-282.47490  -186.65522
-409.93640  43.50014
-120.25291  -127.12309
-429.59824  172.58861
-141.92287  -25.88753
82.95168  373.40822
-224.90231  -270.33952
-41.85518  236.34107
-126.73573  98.22359
188.83729  137.37469
-112.23831  -6.62480
-212.22115  -214.13204
-77.40262  -442.87130
389.61870  -1.67294
-191.41799  -97.35028
273.65626  107.97012
4.77647  410.04356
-173.63771  -114.05452
54.98511  -163.45408
-189.58031  337.00481
-99.62803  -134.17309
192.48667  -117.95110
-212.60332  -254.02048
152.21759  -98.21039
-70.95926  -162.00201
-179.56175  243.91010
-208.89082  -125.38240
-59.52615  -90.41681
128.49156  -230.05595
-250.16055  72.33334
306.10108  250.95375
181.28080  286.75151
72.53084  -227.32692
-45.24246  445.33625
-138.09330  45.84523
389.78502  -161.96410
-200.62413  -287.79870
360.17539  -7.26961
216.08099  -177.42352
-137.18344  144.67169
369.91604  -127.75015
-299.78715  243.65795
-366.40024  232.64498
390.60747  163.34709
6.67978  10.37636
33.44046  -239.24713
-3.90830  -345.67263
356.84544  -208.69289
31.70970  -189.33572
-308.08149  85.72517
411.73221  22.26769
-208.26253  -271.59371
-91.70814  101.31593
82.97988  45.87417
76.38529  -235.17614
99.63046  79.04589
-250.43512  -65.31377
-390.11245  -213.81381
317.58976  227.41280
-57.39188  228.56640
16.03775  -419.63108
-156.67593  -110.14983
138.11142  402.04209
115.77904  -269.77952
-258.96606  -111.74895
294.20050  146.47579
421.20346  -87.60942
-378.02126  -38.58253
-106.26172  186.68033
423.72358  136.46873
-104.56757  -254.60273
109.63814  404.51751
-396.43688  -124.85506
29.95730  347.32308
-137.36016  -99.93957
183.98156  40.05838
-303.54958  -12.61571
-57.18228  399.91604
28.52873  166.66572
-421.96468  -91.27185
215.68358  308.36767
134.54188  -273.43088
205.27761  -206.09148
-124.40225  -146.29268
53.70516  199.26137
-371.67459  -104.33408
-113.12299  -240.26549
-403.14812  117.06193
-331.80771  -56.79546
32.46976  -305.04095
-316.50593  218.51371
-117.90690  -332.97106
105.95166  358.68406
44.51919  56.11993
94.46617  276.23050
-309.97691  285.28711
-357.44434  -143.57944
172.70366  -28.99095
26.25365  -170.14596
365.46495  -214.59680
154.47781  64.81638
-172.30327  20.07330
241.29217  157.38357
100.11053  -242.39347
70.16119  431.54544
-149.43486  398.06114
113.32453  -115.70392
49.26133  361.21377
369.42543  285.47726
157.16065  -149.75096
31.69665  195.33584
283.84650  120.03605
-56.83209  -118.72499
41.01443  255.38574
-298.05979  -326.03637
205.24676  -109.10886
-62.21046  9.73840
146.57657  144.06814
-142.15321  -216.25043
120.00720  -366.94052
-237.63719  -279.48855
230.37788  -7.02510
-58.15921  -110.41176
93.90497  -14.67562
-189.40436  -125.39642
-41.27045  7.05299
231.44650  -293.63072
43.45980  378.10488
-81.34318  369.41240
275.85828  57.64798
-66.45194  26.96909
-186.44908  -133.69998
61.03054  -201.10647
266.67740  57.34250
69.80527  -51.72990
-252.64869  189.18575
95.09656  57.08284
-406.39912  -193.28417
45.69707  -320.84611
33.00479  -357.01152
-41.44173  -94.74359
-384.15147  160.66269
345.72922  46.79945
95.87969  360.13895
381.52543  127.45783
-22.36427  218.25602
50.75164  -386.61211
337.50137  -30.70705
245.87354  159.59232
343.89419  162.49239
112.72032  -106.35368
218.47875  237.57357
-337.58367  -252.77146
-55.45129  382.30332
72.49342  165.30994
-269.28235  260.95738
-162.82398  -137.23855
150.23780  -84.07756
-206.52079  -229.26603
121.68486  -153.48265
24.24868  -432.76182
394.65094  -132.90668
-370.26418  45.77915
337.80158  43.67395
340.40075  -149.81925
-128.32007  -168.23259
-163.88118  93.28575
-324.21554  -1.10405
-192.46413  -116.39265
150.65530  -50.71425
57.47353  -166.57262
94.18648  417.29868
-416.08678  -190.43159
111.91952  97.45448
-232.13647  193.97240
38.99243  417.49487
79.64354  -55.88582
-233.25398  -296.95255
323.34166  21.02947
182.42351  130.15620
99.82468  -180.05051
274.30999  58.94429
-366.95291  -85.34547
-132.81535  -422.20713
-101.45204  212.68432
54.20039  -7.99944
21.73486  -319.01671
-49.48899  296.17471
264.34219  -105.02678
73.20880  333.05056
6.13489  -315.16093
67.17411  295.43190
-28.15391  -402.52844
49.89032  -458.31865
-367.89375  53.67758
-377.14161  -237.67178
53.73993  -73.88831
-14.18934  117.89324
392.83731  -234.18105
246.37479  -213.87579
-145.99312  40.18127
105.06260  124.70650
-67.60672  138.94160
202.06784  321.84089
-361.35811  115.16347
-297.54885  -248.05283
66.22374  313.22367
277.50490  257.62664
421.37940  130.91182
41.35465  -432.40669
-185.53233  58.23631
-33.16274  267.52362
424.85988  146.45469
-17.15891  329.03743
324.99230  129.22122
34.87599  -231.08545
-285.17528  -192.84937
-241.00931  -284.56933
-38.66783  -78.20285
272.79872  170.76504
-222.94999  10.56686
-281.51664  -153.13027
-67.09818  212.66673
117.29717  -29.65302
141.82328  319.61586
-22.23522  -334.75667
74.64649  296.77090
398.13054  230.88909
-260.23808  193.35715
223.26422  305.61521
-148.40060  -76.82694
108.38112  290.50775
44.15452  -355.32240
-51.76573  215.12240
48.64743  306.37509
-209.00504  256.65500
328.90915  -57.59041
-52.96204  231.85232
257.96297  -290.38436
-113.83391  317.26695
-315.72308  182.98770
-364.01526  277.72107
108.72497  161.49502
262.01449  -203.23767
-125.68239  -56.54602
75.58723  -200.03033
318.82500  -6.49525
-189.89485  -148.08075
22.50770  109.34489
-92.21033  429.65989
23.23923  400.35077
25.10629  -146.31942
172.13702  20.99346
-16.60156  -330.01707
360.03932  -106.65389
68.12115  298.85611
46.69005  -69.63607
300.76969  -26.37442
136.52904  -284.37780
79.62114  -310.80852
98.94322  54.64638
138.79536  161.41795
246.84414  -75.35600
396.66397  12.57423
239.98962  261.34803
244.24252  35.08700
143.77775  -220.06608
-225.93454  -153.91992
129.85043  -373.72341
-137.69898  -14.65883
238.21747  288.25059
-23.07754  -235.90295
-224.16096  300.13253
361.93658  -72.93362
365.93628  -51.63023
-227.04679  -21.85013
-327.35947  -76.36875
48.00220  -335.50253
-231.79042  314.75331
-313.40792  -257.31070
51.14335  -332.36981
172.81431  -309.95677
-148.66764  183.30029
31.46519  -217.80650
417.46202  -237.14016
-267.42385  -261.77684
-331.93817  -191.93707
-87.14513  265.92932
-250.66386  -7.70095
-304.06128  8.77918
219.85725  105.46127
-358.04768  -66.10558
154.64050  120.17097
-110.65636  -308.23569
-261.86032  -286.46680
-57.92864  -82.72691
344.70539  -175.99836
182.16264  335.38925
-5.31195  -322.75771
72.04532  -161.29287
206.23741  -68.09307
23.72176  -137.52149
375.16596  248.87080
-413.21527  224.16720
-317.04936  191.44180
194.30822  -29.81243
-354.55266  -58.79965
-96.32514  -290.38636
214.63690  -86.21827
-341.13998  -281.88569
248.18419  -204.48747
-159.63069  268.92401
86.85653  108.40692
-66.79953  -150.00594
-336.65668  -251.74670
-95.28808  -275.75272
-62.95868  -101.73631
-173.62792  121.50871
63.70968  -16.13806
226.91370  -142.71763
202.54621  -83.16617
101.42681  -425.69234
132.25251  293.01897
-292.57035  -271.37511
412.49145  43.48773
406.88830  -84.47352
-57.51283  87.91561
-332.37586  201.95251
-340.77462  126.20751
262.40204  -35.15788
-389.67800  55.18776
-177.02593  188.25468
110.94683  385.74094
-210.46414  -202.57952
398.26506  -198.39419
16.52488  -297.86282
-150.44468  148.09293
-416.06708  4.44183
268.37489  -273.22463
242.31135  -165.81459
407.60846  130.62793
9.45214  447.63601
-158.76341  95.66152
-236.52320  -193.66012
137.71599  -83.38286
-319.97994  -82.07315
95.52742  -118.99099
-109.13842  -265.26040
141.69399  -27.89887
319.75563  142.66500
146.92787  -162.86603
-323.80127  -210.73939
32.09675  -247.49793
-195.99656  136.50835
85.23929  217.08825
-18.87786  -159.08634
178.88933  12.51587
-195.92650  377.78871
-33.98640  254.20541
140.00459  -158.10153
-271.67507  99.81871
-260.89849  52.86449
146.43650  392.39200
427.80291  -19.00352
16.59895  -70.73908
154.90837  278.25971
-171.41901  4.74249
27.18609  86.30264
8.10002  -82.60352
238.28753  172.21689
213.20433  -205.15423
43.60756  228.49204
272.55486  235.64616
100.38592  -54.29179
341.44221  -218.07040
-92.59306  300.95650
184.92435  306.76964
-43.59318  45.57052
-345.76112  -169.48068
4.33336  -233.79250
-130.94423  389.16456
234.35510  -155.36949
-3.13928  -26.56059
-190.19125  165.31791
422.40720  -197.43209
35.77874  -310.05236
200.76205  118.67259
254.60887  225.71468
61.00271  26.96349
235.69087  -145.46767
99.66772  120.78223
98.00104  67.92909
296.84000  -30.04072
-40.71359  333.28958
-352.58927  75.26602
24.22044  470.52534
46.73801  220.06303
-113.89341  68.96088
-6.15278  -330.07317
-136.63196  -238.91884
-62.53389  -229.71618
178.93094  -165.65509
22.25615  69.92603
-411.13914  240.57428
41.66528  272.50624
-316.89589  -284.76567
33.12520  -106.41142
-47.65686  314.37634
-228.63677  -184.13810
256.80113  237.46337
-148.88811  393.79095
267.37714  318.45905
-80.74916  -82.06428
197.88646  110.81771
189.45624  -65.43743
-118.08131  -327.33977
-413.59360  -128.57945
-0.85450  -130.07494
-137.64443  -45.80250
337.12561  250.50782
-374.50833  -18.04006
87.57154  -376.07378
362.85918  -126.08787
-106.57486  423.09710
70.95925  381.41425
86.88654  -155.59122
16.69032  -302.22285
-218.37185  344.78657
27.95660  -482.97623
169.13292  -241.12728
4.44093  275.67464
90.85075  116.00568
-202.02075  -275.25365
-84.08121  -196.04815
-326.66389  246.93238
296.97155  71.22499
201.63332  283.81800
-375.91274  198.49981
-220.48434  -187.50566
287.08014  53.24817
113.88200  -262.24115
85.31361  319.82342
-140.01242  77.08866
-260.80717  -228.42019
210.83407  211.28996
9.19872  131.76679
-20.88802  -21.48012
-83.68495  305.96194
225.01113  182.57552
-65.00762  338.73466
-31.73151  -297.85137
333.13735  -93.49999
11.65596  -378.89513
-313.35703  316.12979
301.51083  -97.40780
81.62307  -300.35559
-60.40467  -54.04356
137.03546  -319.65978
-426.51573  -37.83460
69.51739  -159.89426
88.62602  -375.86979
419.39486  91.73600
-130.44104  -282.64919
-135.83390  347.56374
162.60164  -53.15824
-290.36937  -1.64517
24.46175  419.43280
175.69180  132.87500
18.92360  -379.21717
116.41239  261.54387
428.59646  -77.16859
-229.09168  -102.91405
-97.78694  439.06812
-422.16056  199.13906
298.14650  258.72439
-88.22471  -236.17689
153.34565  -281.49736
-154.10347  85.47024
50.52505  106.97075
54.50660  -357.34495
-147.92751  396.14361
257.66560  -211.98323
-245.27018  177.09149
-5.22818  229.59686
-221.58653  -222.21262
135.52626  158.25857
308.63791  -200.56171
32.29907  185.86386
74.97273  298.19639
-4.17567  -17.73242
281.65230  -211.28546
-401.42990  -141.33671
-232.72412  231.29343
-241.37366  -260.17764
-179.26499  -303.74589
246.42202  320.76952
-371.92051  -42.98401
179.73221  -288.59156
23.00979  197.56174
-359.72510  -142.94686
220.57810  -110.96365
136.34218  101.94266
379.56867  -2.20567
56.25515  -12.91344
63.09531  -12.12235
65.96742  444.06104
-165.56804  -356.27898
49.69207  221.11584
-55.92144  235.91495
-114.21419  -132.35110
354.06908  282.26701
360.92141  281.87639
259.74727  -343.43131
-203.09976  353.24878
171.67746  346.33385
-420.56837  235.10270
369.44570  -190.09429
-0.90410  -110.09150
322.70554  93.48926
240.23275  38.15645
198.12269  43.16849
-58.83795  -227.90401
308.29768  -144.86409
-12.88014  330.65482
-183.50875  317.19949
382.74861  108.78765
344.04419  -68.24687
-152.61084  -181.87938
-319.33375  -47.19622
188.43515  101.42008
-49.71559  -48.29859
-330.94835  41.99516
393.68484  -70.77668
225.60244  -21.97017
225.96890  -248.92502
151.69895  -114.10663
48.12646  -384.17076
-142.26716  116.19925
266.16523  -309.98261
-368.36242  71.19120
-92.14854  -48.03391
179.93378  322.17974
-256.02957  66.57786
206.58687  26.93551
-393.54636  199.90583
-297.64317  -153.43616
88.77228  -196.25141
346.64282  251.50759
431.66002  -226.63801
-142.22326  -78.24378
224.88068  143.09668
53.72070  -106.66319
-356.79797  -143.78695
279.10251  153.14698
357.95712  290.81453
-282.74685  -329.87719
-189.62541  -131.73693
338.84662  206.09505
366.22714  -86.53370
-24.44838  0.36723
-90.76687  -260.52799
27.15713  163.64074
-248.94839  -60.74721
81.59473  103.47619
166.54629  -257.74498
-265.68495  189.40313
64.33057  130.66853
83.23351  -97.36406
-300.41056  -38.63492
-82.41331  -166.53461
-208.96256  -207.47408
-16.31737  -246.91381
-292.57567  -248.32687
-135.17955  80.88368
2.09181  -240.21250
-271.94679  -14.19426
-417.85162  130.78751
-312.58071  -117.78810
-53.46671  -31.14227
52.42829  -238.48494
-319.90937  128.12404
-32.68334  285.28302
425.36015  141.54041
-188.29612  -243.96235
-41.26730  -98.24401
147.43831  -334.16212
-105.75756  -248.28712
-378.87266  -157.18443
342.79021  -175.62314
308.92062  -94.31084
142.58816  258.92660
-59.75027  -4.85089
-117.56100  -330.82536
426.94920  31.92647
-401.91511  -180.66882
186.09565  -105.90884
28.98428  284.75430
21.12713  -412.01093
306.03148  -307.52005
-193.62088  387.43388
-252.89539  -132.79324
-318.50002  273.35986
-43.31528  -396.75778
-55.23117  -49.89668
-408.90807  -224.41551
-156.36930  309.00400
-279.91312  176.23399
157.29010  -344.08198
290.28428  -212.75226
-335.88509  -43.54615
83.19623  96.72280
309.51633  -236.80217
-137.26734  238.88898
-129.77992  321.61431
-269.91547  325.52121
284.67811  92.92159
144.23290  -252.56342
-61.58592  -429.74308
335.72507  117.83609
395.61412  123.16797
-61.96738  243.30871
190.48016  -56.79618
-228.76562  -357.18700
-37.58433  -419.68680
11.71221  188.36675
-250.52914  -274.44927
248.62485  344.48511
70.92051  -37.92877
-273.93987  -186.97525
208.05011  -304.33087
-162.63613  -348.25237
-34.25212  -156.06944
-330.46226  -158.95548
-164.29962  -191.10452
260.89901  282.80658
166.67866  22.79638
-199.94482  -88.66691
274.56185  318.14739
-104.57429  -174.69994
155.01147  271.41283
233.18194  327.17292
363.81442  111.06168
-211.65819  -70.40330
85.91263  -206.72144
-108.41838  109.43905
-143.21794  -371.56699
364.32095  -202.25372
-68.95014  66.08503
271.04744  194.95126
176.86611  279.25553
-61.83977  406.71179
207.79904  367.16825
-109.56938  -248.51957
-271.92314  238.81719
-222.99084  -306.85449
4.55181  -263.10179
-385.21629  123.47911
293.55284  299.74725
-202.92563  -229.89374
-378.49926  26.20283
373.17348  147.50316
-49.05658  -63.33445
-137.38338  344.60859
-339.13113  13.90291
69.39221  198.42552
-17.78572  -262.06881
-357.14712  -153.58938
-207.98727  85.37260
-376.25245  -104.96229
-24.33041  -462.95510
230.63428  -307.49754
141.83772  295.14948
288.10167  279.49528
-4.14127  -132.36204
-305.10655  -182.36717
147.66484  105.43107
102.67458  82.37605
37.88122  -109.05542
311.59898  -219.64918
254.12196  192.20960
195.28058  283.85649
178.22715  -344.77303
-291.20746  197.61456
3.75645  233.75083
98.62279  -401.01500
-186.82698  -220.01370
-27.45416  -344.27631
-156.51337  -80.98193
84.59715  158.91562
-262.29551  71.55466
30.03831  -48.27918
-237.57836  138.33680
-333.59719  -274.94242
-103.78087  253.81735
418.29519  -196.60288
230.23387  -7.39983
358.37207  -117.46458
-257.25623  235.17002
141.73811  388.53695
69.75923  -28.10648
-100.08920  -302.54962
177.28052  133.30705
-344.07697  179.94827
23.87268  -215.89279
91.40280  11.00194
364.47477  165.24373
127.31331  398.59396
-158.34036  32.04976
-292.94919  143.51476
8.19658  -12.60993
238.82724  361.81867
29.95751  339.68144
159.65723  370.16345
187.96444  -191.90128
108.28409  165.00063
237.00380  -173.23382
-68.09865  37.48426
416.26851  24.71018
-374.60929  96.31486
-61.15039  -207.37339
38.66148  10.68655
384.30608  -218.32177
-235.28331  -191.11623
-387.12259  -23.50565
-226.02173  -223.87083
-176.90449  354.94408
79.83150  -99.51789
-105.96600  -155.55234
-272.10664  -90.39296
-194.13803  -199.54115
-268.99206  -180.05367
301.02205  18.67653
-404.87614  72.00655
-33.22894  476.78014
-114.67370  -3.83572
77.93308  176.98161
202.14334  -126.04383
71.21713  323.99216
203.13465  -27.58887
-360.56413  60.42809
252.60449  -217.16732
85.99603  267.96583
127.17440  336.40287
-413.02754  -81.18969
276.54753  157.30154
-162.87081  -313.62659
4.75340  -296.48498
169.08063  -35.37785
108.57318  -325.43034
146.14705  -378.32426
-429.40551  9.47393
-186.73299  176.18655
-333.38243  158.65670
-45.73091  -51.42767
194.16648  193.72749
5.01775  -21.48752
-399.38490  181.40527
69.34642  303.85918
59.75175  304.75321
150.53306  -395.03144
-392.38402  136.24543
234.85131  -23.69317
34.57304  -319.29458
-239.33743  156.95885
63.54699  -228.94452
-392.27387  99.58051
-64.48068  -289.60202
66.43739  78.18210
-143.92028  -280.72438
-330.17331  128.51801
345.56512  237.55047
-132.49670  -342.52666
-200.69416  372.23629
358.83527  -120.17729
55.35050  406.54950
-19.22620  433.40807
-222.21578  -151.61039
-44.73901  -2.26592
-351.56598  -15.79105
-217.08254  124.64468
48.89612  171.33069
275.95271  -260.71804
-311.98360  228.99437
170.99564  -358.06574
-118.27850  -396.23440
276.57254  -22.10270
367.60147  -92.29221
-295.45628  236.16660
-344.40817  201.38700
-7.83935  -12.98720
7.65277  -114.81295
-117.56416  -314.05103
-35.67538  443.49102
-30.36721  -235.33903
-176.42632  -385.78961
152.97506  -354.88865
-44.23085  -26.11765
-264.67210  319.33512
377.28036  -150.20248
-20.49228  -23.42025
-38.55971  -156.72646
142.19874  -143.20799
30.37696  -313.66528
212.86947  105.62561
