1378.03462  169.35675
-68.41891  1851.65438
994.83696  -197.58107
-447.01279  1506.15690
1217.59354  -501.87229
-196.92573  -1780.40613
-804.42714  1400.11623
920.12223  23.64553
-130.81095  -773.63407
313.44716  -1402.03082
207.43113  1374.94143
1151.09563  -260.71630
-579.27252  -1184.15441
816.63858  136.80969
-32.96068  -915.88944
124.65467  342.68146
-360.24378  983.60240
563.16055  1394.62456
820.58563  320.98561
438.88584  -595.72964
-1417.60369  315.54964
333.69678  -872.87917
-533.20357  1049.85990
165.30963  -1701.58671
-173.18939  -1025.98491
844.58707  150.75980
-1059.88725  94.39107
286.58240  -243.75271
-1233.95956  -1039.40763
307.13282  -548.05235
474.65771  -1280.97950
-208.78136  -1398.83982
400.63683  1307.60089
388.22917  -362.46042
-1402.20547  -383.02290
1690.55275  483.64115
-482.20941  450.55918
855.51244  417.94661
139.12502  1916.64613
609.82336  355.55831
1691.30135  -320.67511
-1437.71155  301.13398
1111.93519  1061.67552
-263.94544  1075.50933
-1521.50507  260.07221
-23.54718  -696.22942
-1016.83749  746.39008
-1694.45404  -1016.73897
859.55444  -774.05285
269.54503  -850.30361
340.41043  983.38516
-206.70455  1679.82678
490.36688  -81.28355
742.55220  -579.88230
-104.52970  -61.99070
473.74731  -1481.78827
951.74256  750.05047
-226.23907  477.85926
-1.52060  -302.78111
1054.68802  886.29620
-392.00548  970.79946
-762.48188  -1506.82298
-839.80398  -766.75067
-1595.58081  -227.55477
-772.10736  437.39480
1692.75712  -833.38720
1208.29295  0.23993
-587.87046  1280.16778
-80.00881  1846.02388
144.71883  -25.18716
-575.70405  868.48273
-1357.21662  282.51839
661.07200  -1243.59414
432.59029  -561.73326
340.08609  14.03277
-1170.51964  934.89785
-660.37660  649.40908
189.48012  -1485.40170
-168.79247  -1604.39289
-645.00521  -547.68886
925.34936  1028.59577
414.31861  821.94007
-622.39352  277.79638
-807.41870  -494.05826
-624.83843  462.47543
-1082.12741  944.05575
-821.84849  -1519.11011
-1704.29541  588.34862
-844.37552  1309.70958
1638.66387  936.91738
1413.31906  -368.58684
-864.18690  841.86561
616.83488  -1617.21038
22.91949  -847.22423
344.02836  -361.09660
-1112.38996  -1010.05861
889.43399  1472.88669
767.21935  982.11445
-647.53357  1392.44854
895.76434  427.30118
990.72729  972.43829
1057.08444  -1319.47098
-698.04299  -878.13150
-1099.93398  -619.77505
-213.97166  -850.15256
1626.45355  -15.89710
37.56837  -1932.62021
120.46559  1602.93399
813.47867  -1115.84829
-618.68694  -874.98009
-269.94852  1175.13483
63.77168  -1424.48448
-600.11428  -1127.40108
1162.78433  1138.72859
-105.19210  778.64614
-1662.64417  -642.14371
-298.24500  878.13152
-120.32189  1442.03551
1235.44630  -625.81703
418.42323  -678.12332
-1117.97724  1181.01032
647.05005  -1147.54350
382.14157  718.58753
1352.72262  -774.76306
614.00626  637.74157
367.28773  329.25205
566.86179  -110.21032
-475.59122  937.34401
-744.58081  -615.16871
-1089.74866  1247.57224
-174.52563  741.34577
683.03608  116.28656
95.06279  -1552.07316
-570.34942  53.78734
-783.47184  1413.01000
-1510.70805  795.24624
498.72305  -726.05849
-960.41677  -1187.54806
693.00621  -590.68619
726.86347  1339.18322
-761.14306  -546.25486
-259.50794  -727.93832
-60.75262  -1687.08193
1565.23503  -604.91819
-580.89603  -738.53187
209.15332  -1747.72945
519.17664  1562.14494
-206.54989  688.29367
-1004.16524  1283.62979
-873.47983  -189.55496
-817.04443  -474.77418
-517.24276  -701.30983
482.82111  479.67518
-627.18107  1533.88286
1250.44551  60.11678
991.11886  -131.33993
1268.14155  761.97149
-808.19781  -483.98289
-1268.34130  -695.46791
-656.88069  1466.60716
333.22722  -372.97466
1630.02593  328.23308
186.05043  -882.78774
1599.62972  -309.58620
-1382.89648  -673.48345
-941.57196  -1004.48898
-94.08830  -138.16998
1715.61520  -461.46103
549.97881  1277.07122
-1181.81197  867.17389
-685.38366  -71.35103
688.78088  -741.18068
1097.82824  1052.99396
-355.97079  -887.52110
50.27539  1970.48233
1068.33303  568.55770
-629.99398  -1348.36483
322.15261  1411.15449
155.27096  932.40047
1363.40881  -330.49930
1472.47513  129.01924
-231.87504  1833.90089
1053.83142  741.52039
260.91821  1217.81379
469.73143  -182.22260
1548.33443  -1061.25246
-678.28978  1547.75560
691.58491  1364.55686
-1461.52500  664.67758
-1475.41791  -531.78950
824.14870  1451.74187
1518.24914  147.26074
-24.08577  -263.85363
-1117.78369  -374.61238
1619.72521  -990.46141
-1456.29185  515.09278
931.95650  -64.85015
1378.18130  1092.03891
-184.35404  250.65191
-1397.69755  330.73739
-1488.88257  -1134.47193
-59.47813  -540.92865
540.97526  -1588.11539
-688.95636  14.72998
-690.08891  -886.90085
-580.69566  -686.72082
-132.90001  1345.14560
-805.74745  987.13129
-1112.28661  461.83903
1492.60839  542.46905
-927.62037  881.49246
-195.04624  798.12832
27.60298  -37.52713
-218.75833  -326.39152
-600.91296  -107.47034
-725.67777  -770.93469
113.09217  1866.18246
-785.74612  368.35722
779.60730  -1466.13558
-105.47317  1714.28569
468.33530  -1027.92986
-1348.44987  172.77683
-126.87442  -8.70808
-636.73174  -943.89691
1306.00771  -4.19787
-798.33321  -1259.10176
-160.84577  93.74259
815.42948  454.58104
788.26414  -580.19929
-656.70756  -941.53680
-652.36505  -163.57527
1452.02099  215.66091
36.53555  1142.75777
1003.04395  428.76806
-305.52916  -1686.17037
730.33405  1334.80204
-952.75502  601.48927
775.51576  61.43319
-568.56212  -759.81002
920.07414  -330.22100
-604.17164  262.12749
1722.77827  925.73147
582.79074  -1406.77406
-325.70163  -432.43780
1599.73952  -893.59722
736.79383  1268.18044
1223.46490  -857.92790
-557.42516  -864.64199
-412.48066  -420.97904
24.50821  100.26045
-1655.64472  800.22683
-1122.10694  625.79752
-1682.25695  -56.18953
-577.19246  988.99683
-1480.48932  599.43946
-31.55754  1680.49444
1110.58486  -614.07490
-1693.36252  -695.83868
751.25315  386.44194
-509.70010  -385.66842
1552.26922  -177.88975
-558.51979  1656.26835
813.32749  -803.39665
-991.41277  306.48609
9.82567  1895.52342
96.08111  1695.98870
-1502.07616  -1126.69666
474.79912  1001.23736
-288.88279  197.76001
-571.31664  -1392.10940
715.49785  -999.63371
-1369.14358  390.24679
1240.54466  587.90908
173.16098  -1113.21911
-958.25815  282.03293
1196.12449  -975.80436
290.16950  -1812.64621
1586.36879  -273.82744
-717.33311  -893.31934
-191.32886  1474.79755
-650.04646  -922.78462
-1031.83402  -1067.47124
-1382.60019  347.09693
914.55225  -1192.28084
-866.65318  1032.03091
-1488.81159  275.83052
612.76960  -1356.31429
-294.12856  -765.94183
-818.56971  28.84136
1430.65183  -481.88150
1640.06117  468.40288
483.21203  -1548.69921
538.44579  1390.81472
-197.17843  1310.21747
-791.61660  -73.23589
50.57754  1663.33010
-1585.39490  -156.00890
-328.57055  -115.24857
-1656.90158  535.57047
707.72241  -1106.63329
-1429.80785  1094.49812
-1350.55156  1188.90225
-878.91660  -124.26787
-791.51783  -6.04866
1726.02573  -43.15164
-671.63074  1464.61708
-1388.52796  -1010.69815
-781.59926  843.92688
826.06478  1503.37231
-86.22114  -1187.83282
-233.88140  -804.53794
-265.15645  -1679.73259
942.97906  741.99770
1205.63127  -535.24941
-493.63128  -1523.39704
-504.31722  -985.72062
-1130.50503  1238.15885
1423.22622  423.97156
1272.76336  -388.10591
1629.62570  -45.51664
132.18586  -1528.86522
-15.81904  -1455.43237
386.33945  -846.53011
-614.45553  -1259.47986
1174.28720  433.77634
524.24856  -382.75169
368.00438  -991.37914
323.51563  985.73610
-612.79438  -103.13671
-671.66330  1559.47106
210.67185  792.86691
-0.46386  -1297.59479
332.69802  -873.12537
412.91914  -564.60424
-1433.28203  -344.67821
-1196.19325  256.44312
-1119.29843  -407.68225
-585.17387  -245.99537
-300.54076  -720.34438
-1312.90029  -255.81648
354.41472  845.81188
1703.60279  -709.03541
-800.28380  -442.22416
840.08123  -1121.62965
599.92331  926.67571
-1539.43558  -1043.04240
5.26062  -325.25626
3.22260  1897.67459
-581.54683  -745.79964
-437.31524  -511.05309
-883.27005  -303.03609
1600.54463  -638.83411
1202.38589  -1082.54577
-478.65288  849.40127
505.22241  1404.19990
-775.97450  53.11990
1346.62526  776.97962
603.22372  336.72616
-1306.66861  -56.79852
-932.26999  618.83869
1180.86075  664.37780
-1267.86199  -1190.67575
-1320.27104  46.39736
137.85714  -839.88425
249.06194  -1044.40315
-828.49938  76.99483
-1343.00870  503.69124
-813.31103  -104.06498
1612.08533  -609.39233
-1369.14251  -14.09283
701.38000  356.91847
-1232.66270  444.71294
-1273.73153  797.18855
832.86997  -89.55397
1120.45083  -653.81667
-1370.32194  -522.04898
-757.66741  1227.32015
1233.85676  270.90582
-296.61711  1549.29645
-652.70061  1205.28154
-164.44402  -1396.45242
-1137.14406  -956.51685
-536.20187  826.21517
-978.92004  -41.75698
-1370.02538  -1174.66464
-988.54994  -557.92271
326.59561  1561.29560
-882.89780  822.62026
1078.26964  649.39227
-1540.49714  583.99597
1725.66399  980.43237
-694.25242  -1403.56844
-1666.54890  -236.59598
-666.36422  929.93981
-451.14836  1367.04012
1709.34954  -468.71982
1479.63260  -372.66477
-539.42556  971.92938
339.04901  1461.15431
1210.10791  444.10017
-751.56090  916.77836
358.70784  466.34901
-487.76937  -1647.34870
-746.56034  1258.92760
180.35186  1822.04966
-969.07940  764.95150
1622.02078  247.25735
-921.74214  -400.00997
-466.10340  -1182.69438
1145.21894  485.92927
-1197.18014  947.24977
1508.89907  -210.07933
1082.22682  -1212.64548
46.50667  95.88945
574.90573  -676.72824
1271.83942  183.23786
-867.06095  -102.98772
1335.56418  621.17353
134.40499  733.57716
838.34209  -256.13304
569.50789  1156.84415
597.78666  -1182.36662
-818.46626  276.14430
-478.94644  -1435.87183
1154.80829  278.95710
276.44740  1211.43069
1313.39760  -157.39098
-220.94635  -833.39632
-485.09290  8.76393
665.05240  479.62539
515.26628  -608.49613
130.10511  538.19557
-1018.11975  1218.41122
-815.37791  -1054.83360
-72.19080  1398.06351
-553.98683  1411.65622
1726.42316  78.79467
-44.17229  931.60362
-442.10195  502.57153
-589.33459  -100.39365
69.04785  -1263.25860
-1622.73061  -934.67784
-1117.75040  385.78692
-762.22100  -1065.61256
1179.81186  -244.95558
-1368.62502  897.16066
1438.68960  -1001.85755
617.17824  -198.42696
-868.49987  1348.87347
61.56495  1431.27137
-475.24252  215.00638
-653.75157  825.73858
817.90207  61.32655
493.27304  -743.02233
567.53761  1608.39258
635.42060  672.13951
958.90361  1131.68583
-873.49597  -590.18847
157.96148  -1781.22591
-1631.54794  -14.79751
-935.15616  -1279.67066
-1380.13986  340.99254
-989.18600  903.62383
-1296.81038  406.17125
-646.52807  -760.79053
508.08498  -1283.17513
-1292.51162  -966.00834
1051.85942  898.80417
303.08391  -1165.69321
957.74274  568.58630
-545.75808  -637.96578
-1317.19979  212.29831
-381.02589  -867.42119
139.54084  -837.00956
41.58138  -889.32319
30.31136  -8.09149
894.39516  1016.47698
-837.17626  230.15561
-131.84064  66.37588
-318.33618  98.84571
-510.99160  282.69603
951.28406  523.23417
-416.66267  369.53137
-1277.94583  1050.42760
-233.20681  525.69685
1234.33244  -448.68555
538.57245  -1458.60761
-1408.05836  382.87579
133.06087  -1404.29369
-12.90711  -550.18245
-290.29384  173.33613
132.12590  711.89667
-104.44602  -438.81237
16.16279  -1481.40379
-1015.28667  845.03871
-629.13231  690.50885
-17.73469  -1563.93469
1137.27570  488.89952
-648.48268  -1129.79590
-393.14429  1164.21540
1176.43177  966.02915
-50.78495  -1163.14456
-1319.38545  1210.07209
-402.18149  -1562.95461
-1077.84288  1340.49680
216.24091  -1420.41484
-1330.39528  248.46651
-1561.91154  -1097.39673
932.32159  1186.78882
-1371.52674  -1068.70320
-1184.97689  214.12688
392.37511  1103.27569
74.43011  1665.30329
-16.97551  1187.98328
993.18554  -355.81054
-637.34080  608.39060
-1091.29791  -112.70929
1566.27785  -206.88423
949.97073  -744.11763
-1498.17178  -761.83267
-323.38200  1200.06270
-1713.50340  -188.30714
-780.59210  1003.11773
-1317.38657  -1091.62230
369.19189  -1323.99484
321.84484  632.35926
-1505.88520  -74.61576
-79.26308  -1086.09055
-1534.47356  -404.78849
1544.44527  -510.31818
18.28309  -1825.47114
-1517.96908  488.33489
720.98470  -832.52160
883.75405  -117.17147
-703.79623  146.76082
-874.16809  -831.42612
-1724.51740  -252.95285
-739.13587  -78.25365
1049.85825  -201.82463
-1304.50015  -681.17441
1058.33580  988.30353
1433.21945  -405.69671
-1142.86928  1227.93771
124.27445  -1429.13153
-823.29164  379.18271
691.39869  543.92433
-763.11545  -905.27449
228.11243  -1218.39223
349.63264  -705.17358
231.53870  731.08168
-122.68385  124.83652
-574.61411  1350.89563
-1014.78152  110.55523
524.24918  -160.97837
-581.78707  -17.16313
329.86393  1064.47539
1270.22818  292.54570
470.46590  779.33518
-422.37255  384.34927
612.50100  -672.73869
-1708.95010  160.46236
1416.10896  -702.81748
774.03356  -1169.97813
-1577.29571  -92.46072
-218.99183  -245.86461
-1211.95057  371.07438
-557.86016  -8.03320
1299.40692  -913.70717
659.82937  -694.43697
-172.11827  -852.69641
-1270.30392  -956.14470
-784.61728  657.86754
1154.47248  -588.87302
-855.14070  -1421.44406
593.81809  70.60507
-428.17900  1336.39283
547.86831  -1157.86803
485.52084  29.74181
-963.10346  1418.49781
-1254.32340  365.01214
128.96562  -995.98635
826.17791  -635.15176
1229.27326  613.36261
-619.68072  -1432.71884
-1035.97785  1013.03315
224.20935  1822.45602
1613.53486  -2.05000
-1660.54235  174.90356
703.26709  907.36614
-470.04037  -1349.82531
1697.95203  593.85914
535.39170  1572.35457
-1167.13214  1250.56377
-1450.05279  492.53288
1191.41597  -1227.52855
-1489.83108  598.38445
1679.79183  830.48860
526.78369  -726.42737
172.53966  -1720.35909
-809.65732  -6.60608
-951.23578  299.95385
-798.65519  313.83906
-962.82170  824.30964
-130.38888  296.49882
261.94969  -219.93725
747.18999  -86.07309
1263.11642  58.63904
-666.93102  590.12587
-612.70843  774.90440
847.80716  834.04711
-620.37829  39.85531
655.82016  -1583.87166
-800.66213  923.70902
1586.61192  71.99859
287.49855  1754.52784
45.01919  211.29282
1329.62801  -757.62549
977.16987  341.09652
1481.21378  119.32586
-1103.44285  827.87734
-260.97802  1354.74213
-745.09428  1203.04647
-1173.31362  -1029.77100
-628.43886  435.11144
1508.60669  -1106.26607
-1585.60946  -541.30256
33.72791  690.22146
1042.61133  131.19164
-686.41325  -139.83908
600.17977  1108.74228
-1534.70123  401.85855
-458.45649  197.15642
83.79423  -680.62385
-1324.49697  527.36973
1411.80142  1018.49118
-819.48332  1302.18946
33.35211  -304.97034
420.96541  924.60192
-551.24323  -1609.51933
182.02752  -1451.50530
1337.52590  862.25197
-735.26451  -1361.95121
-1067.94709  1344.31914
-1141.06966  365.43608
996.83175  81.07521
-1651.66283  -479.24628
1546.67815  -173.88911
-1640.88231  45.56912
659.51147  -264.55408
-948.48293  130.93286
-723.07309  -546.54441
756.37755  -706.48354
-381.63478  1334.64316
867.95952  934.61532
-299.97866  1717.22749
1166.33005  -1144.87831
1511.02405  232.62844
1272.65694  -378.38846
-175.92833  -37.18447
-202.82512  -778.57697
-267.21730  1555.37222
887.31378  739.34750
1349.24273  196.69857
1119.51083  1265.60599
981.86229  1269.53712
-970.98124  1226.29043
366.72492  762.79792
887.49179  1292.03795
413.24250  890.56657
-1543.88867  610.53496
1068.41877  -1021.15990
173.55920  -315.48377
-17.75252  -252.13613
687.05964  655.26369
21.55876  -927.23856
-1256.20986  -398.00014
13.08066  -1701.37701
-182.12575  791.63644
716.23211  -373.60661
1180.87520  549.80568
-199.92407  71.64683
771.26019  1407.41663
-118.66998  901.30596
271.93018  -601.38741
-1328.62239  78.60126
-1183.46558  -1067.42000
1637.98813  -65.17799
26.56732  -1401.32066
-1708.14237  -947.56985
-1071.91642  1124.96370
1140.02056  -866.37509
-640.77234  1090.29118
1330.44566  -583.56352
1174.59858  -758.89838
-643.11566  1065.49090
1169.20885  -25.01741
719.04408  -307.91664
814.90341  796.52221
960.32957  -370.84917
-1289.82363  -421.71833
-964.42233  911.60706
-578.72546  -641.01006
95.94436  1439.23800
-490.61333  635.98823
943.37488  1010.36581
1330.03558  -424.45419
-614.64756  188.68240
495.00254  -58.11251
-596.56470  362.98074
245.85779  1667.74060
-1316.88034  -238.78129
-14.09268  -759.56913
-485.93048  217.02323
391.40470  1496.22235
-1019.16440  409.84575
729.02880  -1003.79753
-309.74896  -1455.80001
376.28115  978.94944
1429.03813  -347.58969
520.76907  311.63428
-984.01514  -1079.81072
-988.69239  -371.66163
349.53443  1011.82369
251.64748  953.25289
1330.93837  -579.53842
-448.92589  1683.12810
-518.42166  435.19302
-636.67576  638.21198
-1091.02650  -57.25564
-651.91202  539.98418
-479.02900  -728.42972
-1432.44261  -110.83326
1450.35529  973.61870
997.65158  -229.16410
570.79813  -529.89895
709.48596  -351.04320
-470.36248  -1039.84122
525.84724  1583.33036
-1697.58227  782.07495
1502.18527  -475.22018
802.72934  1310.88363
-145.32868  -433.75820
-1454.29181  572.27561
931.06558  881.57683
-91.90886  -1168.39897
77.18744  -1610.67127
120.97373  791.58254
1358.33718  -1006.31219
1481.49898  875.11535
-1635.44835  643.01566
-705.55418  -222.44689
352.65040  487.08584
597.85291  -277.14597
-922.74355  -514.78923
-753.50283  -834.38073
160.60189  658.08406
-1004.95244  759.61069
-800.38955  -381.87600
755.51897  -469.89259
-322.34602  -1788.63025
369.71822  722.53317
602.92005  86.51926
666.94290  582.52746
-1471.02445  802.63592
-748.44254  -1433.53842
110.81401  404.59056
331.30802  -1770.01589
116.95737  673.77066
-569.53129  -281.88219
630.52001  482.36977
456.39243  -79.45214
-748.98992  120.12856
1129.10712  1136.03970
-287.19649  -1681.30144
-345.79899  1049.49341
314.53696  -1241.03931
342.08942  -1617.98825
-23.48485  1795.02809
170.56044  -746.19357
-1442.10735  216.10783
-75.81373  1006.96612
-385.60834  373.01100
-1293.00360  -1212.42332
774.02012  -663.26311
1257.72325  1206.36959
628.57540  1365.56689
-1455.97130  -386.97545
-777.79424  154.98869
198.50873  -20.42692
-199.98224  446.89117
-546.61877  589.21515
-613.79873  -766.89674
434.42415  300.51382
352.40793  -1203.09929
-738.44685  217.43107
-1623.87731  -495.94768
-790.03631  288.46078
-1542.38148  -690.18903
1470.52226  710.26023
185.13277  653.40268
568.15860  -1569.56213
1228.98602  -995.07095
-442.67189  -452.63724
748.80370  -751.85349
-78.13396  202.02498
373.45554  -313.66731
389.81784  -1583.03232
928.71073  -1235.50909
1076.68751  669.00190
1040.11626  520.05282
-545.28627  -205.46782
-502.18236  -779.50503
-1680.18616  -58.72120
-194.58600  -1117.88126
-268.67379  1055.65029
457.99887  66.49219
-84.36365  -192.49470
1246.95317  275.70234
983.37674  -26.18640
-290.08024  1449.55209
-425.18631  1108.17548
434.61186  -31.25933
654.18211  -1306.35088
1722.55754  56.02017
-663.86334  722.09337
445.55463  169.42156
105.59476  -276.72295
56.48836  1336.43501
-69.39960  1587.39255
-232.50884  1639.56329
-551.70683  1373.79501
1664.39422  616.05134
169.90833  -386.25253
-186.50582  -1281.31872
-240.37742  -512.77032
931.20210  1139.72286
-1146.68504  130.85401
852.82591  -597.45680
1430.64687  1124.69764
-625.90443  1385.60664
-1390.48970  -664.38841
-1046.34132  546.93477
861.62297  89.28340
748.20183  -1548.98981
1253.30180  -148.69046
-472.27240  544.84283
1346.20973  952.32831
880.37737  535.79738
659.62218  190.55265
-1410.17850  -612.57355
350.06580  367.57661
645.57832  182.09348
-458.04304  619.62313
1389.76170  -1049.51789
868.26981  968.29675
1160.96848  -548.22011
1401.95380  -395.13548
740.92883  -702.61852
-1283.97433  777.37362
1120.98272  -1348.17832
46.33519  -131.49872
-810.12029  475.04810
-39.97836  -106.87996
-1375.64957  -847.06539
-80.65589  -459.77650
1636.84204  -698.78670
732.81873  -92.30252
714.85293  65.22466
-300.43865  -645.21953
-1375.87419  868.23595
750.63180  637.26511
-1235.23170  -676.13398
-1608.17259  -274.35595
-319.65605  468.19969
1679.66627  -738.97427
591.52096  -946.40935
718.07069  936.00599
145.31840  -989.30761
-76.26346  -1197.21834
-212.91856  444.73784
-1156.34227  -415.87006
-305.73324  801.59903
135.63205  985.55987
893.44935  -1446.72139
-342.20908  69.95144
-15.61386  847.06446
-682.73990  908.75114
348.94001  94.51789
1082.12333  -655.00789
449.37391  1497.09515
509.87439  877.50693
28.14155  861.23735
1711.94559  890.81485
95.18702  -1515.73654
-1067.09261  -25.00615
778.36845  -1203.17546
590.61078  -964.66435
1429.88922  -917.91650
833.08252  523.37585
303.56993  -23.62034
14.73198  -1659.15178
-978.36894  -637.74420
-680.47865  -1558.36076
417.46224  -1450.26264
-603.24624  -836.36525
727.83442  1044.79651
721.77669  -473.63021
-530.95612  -1065.03388
1035.00074  395.69012
1100.18383  185.79496
49.03290  -1168.35934
-881.62150  458.65599
-418.36563  -1019.36367
-183.83456  -367.68800
79.82721  1560.26842
23.44639  1873.25915
1121.15481  647.96220
1004.36363  -497.01151
994.88664  86.29337
219.99665  888.63205
1251.05107  745.66836
-228.29265  -1123.33946
152.03241  -449.78113
-717.45400  -935.61260
1523.22317  -912.14978
-1349.51526  -818.80525
-543.67909  496.15909
-19.24843  157.63669
-1452.32022  -727.09939
-732.43235  -731.32672
472.83705  660.46226
391.14938  -821.36805
-837.26730  -1183.11228
1592.88296  -928.67127
-535.17311  -1334.68263
425.19226  -1656.47068
327.69025  -705.58160
-516.44488  962.68488
-1206.21570  305.79787
-1446.36596  330.31232
-1688.09206  972.63440
1386.57410  -156.76692
265.24826  1365.23816
-145.59483  1381.44561
-608.01262  -1435.12683
-1231.50374  685.95861
-792.83680  212.79319
288.57685  -1425.78189
1473.94581  465.51685
-1014.18673  -212.58831
-862.57493  -802.25179
184.81649  -1075.13282
1635.17359  -55.78659
-1303.46404  -1167.87167
11.71310  1342.40281
-1561.03615  19.97861
-597.38675  271.95137
-416.49123  -302.39169
121.63754  -607.93964
-1682.00399  73.45312
-1417.87423  1058.88000
599.31015  -338.36436
335.40899  1759.46662
774.46384  -26.52862
185.61323  -1430.81228
-387.89561  1462.88235
-891.12062  982.57986
-405.74042  -721.14254
-519.27410  942.93092
653.14110  -1453.99153
1355.91259  587.77730
862.75593  371.53013
-84.15604  163.56307
1032.50109  -1075.84522
-265.12062  1678.90463
308.32931  1496.66471
1127.25987  406.71115
970.40349  175.70760
1666.36920  -715.52655
347.49055  -1701.61761
137.05781  -794.38088
-334.78442  166.88733
-1273.36332  -430.17503
283.05401  1261.83561
-1382.00584  480.46269
-277.98022  -1077.58107
1597.86915  920.02495
-773.01273  -359.60660
-404.99318  -1205.94466
-148.93917  1447.72379
-1423.35717  175.87995
896.01474  303.96940
-879.98590  430.25766
-82.97416  -1393.95634
-913.45906  746.14635
-89.93666  470.10543
967.89848  -1075.63301
-452.84576  1168.52027
-12.69876  -1813.47720
1693.03448  158.29912
-1459.54673  887.78294
1594.23172  577.40343
677.51370  550.70916
-444.46946  -1019.84712
117.00550  -1427.29524
355.01100  1308.62406
-1024.68270  -1333.10968
1040.12392  -721.23609
-13.86009  -833.18099
882.78371  -31.73873
-1375.80112  -1167.05723
-1414.90861  195.66955
-1558.60364  213.71600
-1627.15290  595.69763
-430.65733  712.34891
1100.19437  557.23661
909.67002  -240.74827
-832.57779  719.68485
-108.16643  97.80902
749.51953  111.96691
-449.13432  1649.20912
63.63632  -1259.66371
-1048.87548  -678.81334
290.28582  -1370.80419
387.64976  -288.01557
-273.88985  1426.59680
-537.78515  -814.14117
-872.07368  -64.37526
506.61260  -459.38543
-26.07396  -940.38399
-1241.37977  970.78210
-730.40428  639.73235
-497.86103  -1635.64930
-370.75035  1230.43563
1314.42693  -1185.09223
1125.76046  454.65780
455.20500  -731.14958
-914.42074  726.32890
1562.76033  263.09821
-220.53686  1800.47899
-106.34142  460.91901
-669.65273  -108.03364
-479.86801  52.21642
-790.62580  -304.62322
1.43398  -40.11280
-950.37984  -157.12750
-119.08694  1545.83761
-224.93232  1024.57606
-677.24567  205.29019
315.00933  1302.63759
1603.57307  -933.12088
-696.68243  843.69514
-584.49531  -866.27734
601.94186  -524.58765
-1170.34365  -413.42751
-1143.40149  -959.12601
245.31364  1148.09557
187.16403  -346.86829
774.53000  644.01454
21.30908  -1624.35041
-1033.12981  -374.98851
218.24485  1015.59936
1621.68701  315.60493
-751.98089  570.93082
-213.65886  181.32273
279.01744  1759.51434
-997.56482  703.61437
280.02537  -210.22757
-1672.06576  -938.49452
680.77748  248.72807
1676.04352  961.21106
819.81780  557.71464
1600.71538  -483.42786
10.74003  -976.83704
18.20978  315.10447
-1370.92737  -525.63170
-862.42061  -1485.58746
411.21938  -780.07103
-873.67810  1407.23659
1510.56071  -138.25958
-1682.32495  815.37747
-240.66388  1834.05100
-376.98869  994.54773
619.52947  1162.63720
-1225.17299  443.62792
1001.01150  728.80553
600.75332  1516.68080
1496.57564  763.26593
-211.79273  -1271.28303
247.53395  -297.24226
-568.69672  828.74788
-1705.00214  973.30855
-957.13541  1028.28237
-54.50705  -1813.80990
-579.56405  1076.37253
45.60605  -116.79871
-1070.15830  -282.23770
1415.20384  258.75592
708.85240  -1222.21681
-962.87362  1424.95039
-20.60837  341.23421
-1367.65237  -329.24905
1389.57463  -593.62160
-1712.89870  -618.20764
263.92170  -1582.73961
98.22349  497.69361
180.26549  -381.37408
1238.13732  762.81614
-1505.73164  983.07633
282.97315  162.44641
564.70653  1048.29861
-235.41558  -1648.14982
-81.00844  -1780.92325
-271.51820  -498.67622
801.92178  258.48689
793.57283  -1336.38746
1551.36791  -1063.78225
-641.49251  -349.48358
824.77033  -429.86003
-18.79013  1869.21307
1665.33743  802.80078
701.36573  -1314.46542
-1190.08179  309.87466
-438.64192  -1547.50455
-542.64097  1505.99792
-281.04163  -344.63150
516.30070  488.37702
1388.66553  451.44391
1140.43121  -569.87227
151.23130  -445.14953
323.10546  1608.94243
-171.42781  1260.56245
-440.21359  -1423.97253
-603.82160  -1217.99588
1628.16720  88.32188
143.11455  736.17447
347.40011  -1613.31296
-514.27340  727.74576
-529.19696  1328.97977
1067.50846  927.02258
1061.42123  -862.06310
1607.72501  -269.77939
1001.57844  -817.67846
338.52089  -1113.22633
-391.21793  982.49062
-291.19339  -1386.82041
-366.10674  -267.04727
-404.67860  -975.43676
-1585.95913  894.83939
1350.32774  882.27843
-326.04808  1095.63140
1597.82705  -665.54204
762.80570  -1113.25555
85.56095  -1831.44261
606.32124  -9.24440
-455.66855  1426.94814
-543.21119  1494.33211
-11.40848  72.80194
-15.07600  730.79836
-300.04414  -1175.21356
-1359.53237  -845.34741
475.04895  227.57893
600.65373  997.35658
-515.24956  578.22036
-473.08018  -1539.52291
1022.49489  658.94567
-1182.04266  473.30595
386.87603  1019.75182
1555.63089  -938.54867
539.21930  -1110.34985
1718.75029  288.96462
1723.41513  -987.83325
-1685.38746  -281.12954
-674.61908  -3.96330
-553.79386  -1428.46848
-1263.08369  -939.07059
268.56327  -1830.79196
71.09473  -198.78867
1279.63673  257.81301
26.41139  -1802.15375
-445.92884  -794.75782
-358.35680  -1608.66483
-166.82341  752.63892
-932.93919  -1246.87701
-147.38200  -1203.92125
-1643.00270  827.08605
909.29911  1019.40115
372.20267  964.23022
-680.38765  766.66151
-193.01605  -717.23179
-1103.28359  -314.29337
1131.31297  -35.66393
-1064.76865  869.06387
-1477.25475  621.63702
-1141.72859  560.50306
-877.15234  -833.40868
-345.76039  57.63683
-1128.26579  85.06136
78.98333  -1504.42320
-1503.68503  986.79331
624.64282  128.06255
-919.98238  -669.96661
-1708.13978  910.67836
57.39467  -1275.99563
1603.99643  356.69722
-1408.93424  535.98934
-1162.23294  422.39481
-562.01288  851.92092
982.10852  190.06536
-90.33090  -1864.10390
182.27982  -709.79034
-1335.64451  -666.37976
-1692.17924  738.65477
-837.01973  1078.98219
909.48710  -35.88240
-1643.30211  143.43525
602.25271  -149.19598
-568.33523  154.51471
-1161.19254  -44.27644
1377.83297  364.37711
24.24571  391.52527
-1475.71138  -158.71571
-303.55830  987.08476
-674.75285  1419.36163
-401.51866  -368.93079
-1060.55558  697.26315
1343.70861  39.81412
-932.18632  -637.18951
-1291.26853  1245.66111
422.81603  -1740.11410
-1169.02626  881.11716
-503.03969  1057.13245
1042.38786  -205.20819
650.16816  1581.47755
-1541.59872  -194.06119
-446.58635  1571.01831
360.01959  817.04025
1496.55850  -29.98960
-1156.90516  -781.82655
312.60706  -86.08480
1532.46372  622.23625
1123.72020  1013.04455
1706.80330  -155.38194
1075.60096  809.06265
-643.31401  796.02497
-625.93679  -1005.57959
229.19745  815.90167
515.38415  -109.87213
1673.57402  485.27235
-560.67748  -1448.00640
422.25452  334.80641
762.21660  -18.87739
1007.83810  663.96366
-1654.16100  -966.91505
-1235.87724  881.12649
809.77128  1449.74842
1169.77856  -327.39701
-781.93874  1023.40338
1466.70384  240.56187
-1128.97712  -73.37733
1338.15425  715.41432
1115.69970  922.47767
-263.32092  -1431.69615
-1030.66993  331.66602
253.29936  1765.63331
1186.16522  897.46872
-426.70300  1290.80810
1422.86545  -443.13840
-892.02256  923.05175
-303.68726  16.85134
796.71922  1519.38853
-159.23818  1098.02330
-1710.22787  647.00691
399.31931  129.25480
58.75001  1547.56286
-628.24529  -78.85804
-1414.75644  -938.95282
765.65355  -1371.03715
816.96770  -968.74708
-905.47210  688.41462
-667.62370  517.22030
347.06227  774.89879
-872.05959  -285.64117
33.42873  -1332.44051
1727.26592  -549.66276
1706.68782  609.37947
371.62771  1171.79561
1435.25323  311.65144
-746.46094  619.68926
6.26757  365.34172
-1152.30032  569.46085
1614.03256  907.65367
-1082.29977  1068.93862
801.47397  132.82852
32.73534  368.73414
-704.46926  -795.68643
1387.38919  18.37535
-1221.98671  42.47634
156.46134  925.22012
288.08248  -1786.19114
-1678.97788  -23.51171
-509.98776  364.15059
867.56909  397.37881
-289.92148  1662.74322
-1339.82179  -275.67734
-1581.53571  -426.68592
315.76558  -1173.70012
74.38660  -371.18602
-529.95607  270.85724
-475.24970  85.04447
-1593.55100  -599.94943
504.19054  340.65153
434.51726  256.12737
412.03385  575.82794
335.44501  -223.60819
656.85657  797.63878
-190.82568  452.55603
283.86134  -859.86379
796.88745  56.13354
-727.00105  346.62852
-825.18804  51.73379
-245.72636  392.97099
656.45868  -1554.54414
874.21268  905.00737
1203.84645  338.73825
-425.14993  1006.36429
-1671.53383  -31.22061
1469.30917  -646.72017
-685.63645  -1405.14072
167.53906  -1227.98245
-365.29359  1041.21510
-1115.14494  -143.65235
-406.01533  1199.42810
1175.00987  -412.26472
1639.14821  107.94033
-1031.39463  -596.23885
1545.80789  187.52010
910.70665  20.09905
-522.63578  1507.34004
839.70609  755.38098
1138.43228  -826.67605
597.81166  735.19800
-780.78560  1071.61306
94.04754  -1727.00391
-47.72059  1406.92478
-1393.18884  898.95528
1434.31470  -607.41806
1172.97084  589.52164
-1065.84808  1022.98683
885.50359  429.82237
-1111.03454  1046.48779
749.03121  -982.96813
676.50332  225.39555
-706.20520  638.23763
23.29526  904.80772
-1250.03567  -295.13719
906.33242  662.69631
-1317.59277  635.91735
-212.90749  709.35463
-58.92146  -430.71425
-446.17662  1631.19656
733.56334  1260.42468
91.44287  -578.24284
1671.20421  835.34568
255.83072  1151.66503
4.57166  1347.31395
-952.35138  -894.55209
-444.30539  1653.67384
202.11863  -549.43354
857.80962  -839.86546
-923.29272  282.49132
420.96001  212.60592
615.03017  843.54438
-1300.86189  -1186.12386
52.59430  1894.37676
357.61172  755.68417
873.97488  -1462.39121
997.29833  268.71807
-1307.94729  397.07111
1291.29578  -188.53101
-246.65788  -1110.09190
207.26826  -739.70590
223.04853  -328.00272
529.20486  185.44109
-218.28659  1364.61261
-320.11158  1577.73624
-426.62466  -1680.47197
991.76196  1100.61515
-663.67647  743.54300
1048.16328  -1194.22781
909.52896  -1418.16088
419.55223  -1250.05724
-1148.70658  76.72729
-1530.88031  1022.68640
-1342.77866  -656.44500
-504.49145  -378.63025
29.02058  -43.36080
-1643.97368  -573.97819
-1070.36782  -858.89761
-1684.91894  -376.84616
-392.74763  386.40919
-1622.29034  128.60308
-179.14339  532.72334
-1719.56989  603.64430
843.59144  -178.76742
-438.50431  -727.19071
-1081.26838  -539.08862
-833.75782  -1476.43779
-1615.19153  900.58034
-241.28552  -1248.04838
389.03753  558.56953
1450.09919  -367.12166
-118.26232  801.35709
-1108.92977  960.37114
161.42242  913.75260
-1395.32275  -0.98477
-825.34974  -1129.87254
4.05149  -1133.43198
-643.84494  -597.58483
1171.01455  -794.06837
84.24672  -603.42157
287.13354  1001.73772
843.33754  1131.35270
-192.55592  -1323.58187
1387.39797  -823.50960
377.79449  -1095.59427
-601.04651  1315.62632
-273.54928  -621.47342
1186.90567  -645.81338
-874.72710  1472.94122
-1102.53905  349.98372
1225.94250  -503.52460
-219.89652  1256.46503
-372.13593  -619.64037
1057.43603  663.96621
1304.21538  740.46436
1094.69990  1108.21200
46.71962  1660.86363
-1655.89514  -662.98593
-620.84827  -685.66429
1645.09728  -437.38517
-683.20823  328.86220
-466.87801  -553.96279
1258.91906  -396.76494
-1461.44267  520.25560
-741.14956  455.61257
740.64689  -1331.14059
-1517.93443  -71.33332
-1349.56409  578.32130
735.54363  -1442.16676
-1510.73522  451.51055
407.87949  -1237.78899
143.78851  -332.10459
184.05952  -1088.47689
-795.45741  -453.27372
880.87612  -32.41747
-1518.89380  -506.58604
913.78268  1362.44902
-1115.99775  -1147.38884
163.42934  1070.19570
1695.27911  -610.48091
632.87517  -488.56358
-467.55940  1091.26579
-656.09226  -1323.99940
971.40905  1398.90670
-1655.40157  -988.26663
1031.61486  1034.76557
-133.19513  -1098.39577
1398.35192  -614.56395
-1379.32665  -968.37199
-1169.38954  316.54148
909.64400  794.66815
-880.99758  -557.83848
-156.83132  -1808.34694
-268.29153  -171.51687
63.92176  753.06511
87.13778  1520.25094
-39.89538  -1027.70098
-68.62986  1499.90629
-1112.91230  -485.36445
212.47911  -1324.79332
-156.96785  -1379.33794
210.29249  -177.61764
316.68183  1164.65014
1436.50341  141.11709
489.49087  -1331.25349
-459.97722  767.11575
-1287.36813  555.09305
-747.51138  298.05850
1024.01399  978.12713
-1072.45278  980.09267
-671.06208  129.67786
944.57607  787.46464
603.64178  -543.20961
1620.34863  -1053.72362
-353.04490  -396.45993
654.90309  -1438.49820
250.79006  1125.07808
-63.38305  -1675.31061
-71.44192  -760.33857
